RiverBedGeometry/fakeriver.asc
ncols    331
nrows    48
xllcorner    0.850000
yllcorner    47.749953
cellsize    0.300000
NODATA_value    -9999
[rows 0 to 31 of 48, columns 144 to 215 of 331]
-9999 -9999 -9999 -9999 -9999 -9999 -9999 -9999 -9999 -9999 -9999 -9999 -9999 -9999 -9999 -9999 -9999 -9999 -9999 -9999 -9999 -9999 -9999 -9999 -9999 -9999 -9999 -9999 -9999 -9999 -9999 -9999 -9999 -9999 -9999 -9999 -9999 -9999 -9999 -9999 -9999 -9999 -9999 -9999 -9999 -9999 -9999 -9999 -9999 -9999 -9999 -9999 -9999 -9999 -9999 -9999 -9999 -9999 -9999 -9999 -9999 -9999 -9999 -9999 -9999 -9999 -9999 -9999 -9999 -9999 -9999 -9999
-9999 -9999 -9999 -9999 -9999 -9999 -9999 -9999 -9999 -9999 -9999 -9999 -9999 -9999 -9999 -9999 -9999 -9999 -9999 -9999 -9999 -9999 -9999 -9999 -9999 -9999 -9999 -9999 -9999 -9999 -9999 -9999 -9999 -9999 -9999 -9999 -9999 -9999 -9999 -9999 -9999 -9999 -9999 -9999 -9999 -9999 -9999 -9999 -9999 -9999 -9999 -9999 -9999 -9999 -9999 -9999 -9999 -9999 -9999 -9999 -9999 -9999 -9999 -9999 -9999 -9999 -9999 -9999 -9999 -9999 -9999 -9999
13.526 -9999 -9999 -9999 -9999 -9999 -9999 -9999 -9999 -9999 -9999 -9999 -9999 -9999 -9999 -9999 -9999 -9999 -9999 -9999 -9999 -9999 -9999 -9999 -9999 -9999 -9999 -9999 -9999 -9999 -9999 -9999 -9999 -9999 -9999 -9999 -9999 -9999 -9999 -9999 -9999 -9999 -9999 -9999 -9999 -9999 -9999 -9999 -9999 -9999 -9999 -9999 -9999 -9999 -9999 -9999 -9999 -9999 -9999 -9999 -9999 -9999 -9999 -9999 -9999 -9999 -9999 -9999 -9999 -9999 -9999 -9999
12.994 13.076 13.159 13.242 13.325 -9999 -9999 -9999 -9999 -9999 -9999 -9999 -9999 -9999 -9999 -9999 -9999 -9999 -9999 -9999 -9999 -9999 -9999 -9999 -9999 -9999 -9999 -9999 -9999 -9999 -9999 -9999 -9999 -9999 -9999 -9999 -9999 -9999 -9999 -9999 -9999 -9999 -9999 -9999 -9999 -9999 -9999 -9999 -9999 -9999 -9999 -9999 -9999 -9999 -9999 -9999 -9999 -9999 -9999 -9999 -9999 -9999 -9999 -9999 -9999 -9999 -9999 -9999 -9999 -9999 -9999 -9999
12.462 12.542 12.624 12.706 12.788 12.871 12.961 13.081 13.202 -9999 -9999 -9999 -9999 -9999 -9999 -9999 -9999 -9999 -9999 -9999 -9999 -9999 -9999 -9999 -9999 -9999 -9999 -9999 -9999 -9999 -9999 -9999 -9999 -9999 -9999 -9999 -9999 -9999 -9999 -9999 -9999 -9999 -9999 -9999 -9999 -9999 -9999 -9999 -9999 -9999 -9999 -9999 -9999 -9999 -9999 -9999 -9999 -9999 -9999 -9999 -9999 -9999 -9999 -9999 -9999 -9999 -9999 -9999 -9999 -9999 -9999 -9999
11.933 12.008 12.089 12.169 12.251 12.333 12.429 12.549 12.669 12.79 12.911 13.033 -9999 -9999 -9999 -9999 -9999 -9999 -9999 -9999 -9999 -9999 -9999 -9999 -9999 -9999 -9999 -9999 -9999 -9999 -9999 -9999 -9999 -9999 -9999 -9999 -9999 -9999 -9999 -9999 -9999 -9999 -9999 -9999 -9999 -9999 -9999 -9999 -9999 -9999 -9999 -9999 -9999 -9999 -9999 -9999 -9999 -9999 -9999 -9999 -9999 -9999 -9999 -9999 -9999 -9999 -9999 -9999 -9999 -9999 -9999 -9999
11.449 11.509 11.579 11.649 11.72 11.794 11.897 12.015 12.135 12.255 12.376 12.497 12.618 12.741 12.864 12.987 -9999 -9999 -9999 -9999 -9999 -9999 -9999 -9999 -9999 -9999 -9999 -9999 -9999 -9999 -9999 -9999 -9999 -9999 -9999 -9999 -9999 -9999 -9999 -9999 -9999 -9999 -9999 -9999 -9999 -9999 -9999 -9999 -9999 -9999 -9999 -9999 -9999 -9999 -9999 -9999 -9999 -9999 -9999 -9999 -9999 -9999 -9999 -9999 -9999 -9999 -9999 -9999 -9999 -9999 -9999 -9999
11.046 11.093 11.141 11.189 11.237 11.292 11.395 11.496 11.6 11.719 11.839 11.959 12.08 12.202 12.324 12.446 12.568 12.69 12.812 -9999 -9999 -9999 -9999 -9999 -9999 -9999 -9999 -9999 -9999 -9999 -9999 -9999 -9999 -9999 -9999 -9999 -9999 -9999 -9999 -9999 -9999 -9999 -9999 -9999 -9999 -9999 -9999 -9999 -9999 -9999 -9999 -9999 -9999 -9999 -9999 -9999 -9999 -9999 -9999 -9999 -9999 -9999 -9999 -9999 -9999 -9999 -9999 -9999 -9999 -9999 -9999 -9999
10.642 10.689 10.736 10.783 10.83 10.878 10.955 11.034 11.119 11.221 11.323 11.426 11.542 11.662 11.783 11.905 12.027 12.148 12.27 12.391 12.513 12.635 -9999 -9999 -9999 -9999 -9999 -9999 -9999 -9999 -9999 -9999 -9999 -9999 -9999 -9999 -9999 -9999 -9999 -9999 -9999 -9999 -9999 -9999 -9999 -9999 -9999 -9999 -9999 -9999 -9999 -9999 -9999 -9999 -9999 -9999 -9999 -9999 -9999 -9999 -9999 -9999 -9999 -9999 -9999 -9999 -9999 -9999 -9999 -9999 -9999 -9999
10.242 10.284 10.33 10.377 10.423 10.476 10.553 10.631 10.709 10.787 10.866 10.945 11.046 11.149 11.253 11.363 11.485 11.606 11.728 11.849 11.971 12.093 12.215 12.336 12.458 -9999 -9999 -9999 -9999 -9999 -9999 -9999 -9999 -9999 -9999 -9999 -9999 -9999 -9999 -9999 -9999 -9999 -9999 -9999 -9999 -9999 -9999 -9999 -9999 -9999 -9999 -9999 -9999 -9999 -9999 -9999 -9999 -9999 -9999 -9999 -9999 -9999 -9999 -9999 -9999 -9999 -9999 -9999 -9999 -9999 -9999 -9999
9.9197 9.9452 9.972 9.9991 10.026 10.075 10.151 10.227 10.304 10.382 10.46 10.539 10.618 10.697 10.778 10.871 10.975 11.079 11.186 11.307 11.429 11.55 11.672 11.794 11.916 12.038 12.154 12.245 12.334 -9999 -9999 -9999 -9999 -9999 -9999 -9999 -9999 -9999 -9999 -9999 -9999 -9999 -9999 -9999 -9999 -9999 -9999 -9999 -9999 -9999 -9999 -9999 -9999 -9999 -9999 -9999 -9999 -9999 -9999 -9999 -9999 -9999 -9999 -9999 -9999 -9999 -9999 -9999 -9999 -9999 -9999 -9999
9.6467 9.6615 9.6764 9.6914 9.7067 9.7439 9.7871 9.8306 9.8995 9.9764 10.054 10.132 10.21 10.289 10.368 10.448 10.529 10.609 10.696 10.801 10.905 11.009 11.129 11.251 11.373 11.495 11.602 11.694 11.785 11.876 11.965 12.054 12.142 -9999 -9999 -9999 -9999 -9999 -9999 -9999 -9999 -9999 -9999 -9999 -9999 -9999 -9999 -9999 -9999 -9999 -9999 -9999 -9999 -9999 -9999 -9999 -9999 -9999 -9999 -9999 -9999 -9999 -9999 -9999 -9999 -9999 -9999 -9999 10.169 9.9975 9.8088 9.6078
9.3736 9.3878 9.4022 9.4168 9.4316 9.4641 9.5004 9.5371 9.5801 9.6239 9.6681 9.724 9.8014 9.8795 9.9585 10.039 10.119 10.199 10.28 10.36 10.44 10.522 10.627 10.731 10.835 10.952 11.051 11.144 11.237 11.329 11.42 11.51 11.599 11.681 11.747 11.812 11.878 -9999 -9999 -9999 -9999 -9999 -9999 -9999 -9999 -9999 -9999 -9999 -9999 -9999 -9999 -9999 -9999 -9999 -9999 -9999 -9999 -9999 -9999 -9999 -9999 -9999 -9999 -9999 10.332 10.161 9.9902 9.8185 9.6466 9.4744 9.2942 9.0933
9.1064 9.1187 9.1313 9.144 9.1572 9.1924 9.228 9.2641 9.3007 9.3376 9.3749 9.4157 9.4599 9.5048 9.5505 9.6289 9.709 9.7892 9.8694 9.9497 10.03 10.111 10.191 10.272 10.352 10.449 10.53 10.609 10.69 10.783 10.875 10.967 11.058 11.136 11.202 11.269 11.335 11.401 11.466 11.532 11.545 11.544 11.541 11.528 11.495 -9999 -9999 -9999 -9999 -9999 -9999 -9999 -9999 -9999 -9999 -9999 10.782 10.667 10.553 10.438 10.323 10.208 10.093 9.9779 9.813 9.6415 9.4695 9.2972 9.1245 8.9517 8.7784 8.5787
8.9456 8.9339 8.9222 8.9107 8.9129 8.9376 8.9626 8.9906 9.0265 9.0628 9.0994 9.1364 9.1739 9.2119 9.2516 9.2974 9.3432 9.3891 9.4593 9.5395 9.6198 9.7001 9.7805 9.861 9.9415 10.013 10.074 10.134 10.198 10.277 10.356 10.434 10.517 10.591 10.658 10.725 10.792 10.859 10.925 10.988 10.994 10.999 11.001 10.988 10.957 10.925 10.894 10.862 10.83 10.798 10.766 10.734 10.702 10.599 10.485 10.37 10.255 10.14 10.025 9.9102 9.795 9.6795 9.564 9.4483 9.294 9.1216 8.9491 8.7762 8.6034 8.4393 8.275 8.1006
8.8033 8.7878 8.7724 8.7571 8.7471 8.7433 8.7398 8.7484 8.7737 8.7994 8.8255 8.8597 8.8965 8.9342 8.9733 9.0125 9.0517 9.091 9.1359 9.1818 9.2277 9.2897 9.37 9.4504 9.5308 9.5972 9.6591 9.7202 9.7806 9.8403 9.8994 9.9579 10.027 10.078 10.138 10.197 10.257 10.317 10.384 10.435 10.445 10.454 10.462 10.449 10.419 10.388 10.358 10.327 10.296 10.265 10.235 10.203 10.173 10.075 9.9598 9.8447 9.7293 9.6139 9.4984 9.3827 9.2669 9.151 9.0349 8.9188 8.7793 8.6156 8.4519 8.2877 8.1244 7.9813 7.8379 7.6883
8.6615 8.6458 8.6302 8.6147 8.6066 8.6022 8.5981 8.5945 8.5912 8.5882 8.5855 8.6092 8.6354 8.6631 8.6956 8.7347 8.7739 8.8131 8.8523 8.8916 8.9309 8.9743 9.0202 9.0662 9.1184 9.1821 9.2451 9.3072 9.3686 9.4294 9.4897 9.5495 9.6051 9.6468 9.6883 9.7296 9.7706 9.8152 9.8746 9.9068 9.916 9.9235 9.9301 9.9122 9.8813 9.851 9.8216 9.792 9.7623 9.7327 9.7029 9.6729 9.643 9.5504 9.4349 9.3192 9.2067 9.0957 8.9847 8.8736 8.7623 8.651 8.5395 8.428 8.3097 8.1667 8.0237 7.8804 7.7371 7.5936 7.4499 7.3055
8.5482 8.526 8.5038 8.4816 8.4657 8.4608 8.4562 8.452 8.4481 8.4445 8.4413 8.4383 8.4359 8.4342 8.4481 8.4766 8.5052 8.5352 8.5743 8.6136 8.6528 8.6921 8.7315 8.7709 8.8076 8.8412 8.874 8.9064 8.9574 9.0195 9.0809 9.1417 9.1944 9.2367 9.2787 9.3205 9.362 9.4033 9.4445 9.453 9.4519 9.4491 9.446 9.4199 9.3861 9.3543 9.3243 9.294 9.2636 9.2333 9.2028 9.1722 9.1416 9.0552 8.9441 8.8329 8.7284 8.6284 8.5284 8.4283 8.3282 8.228 8.1278 8.0275 7.9236 7.7803 7.637 7.4935 7.3498 7.2061 7.0622 6.9181
8.5314 8.4879 8.4444 8.4085 8.3775 8.3469 8.3165 8.3091 8.3046 8.3005 8.2966 8.2932 8.2904 8.2887 8.287 8.2854 8.2837 8.2901 8.3187 8.3473 8.376 8.4139 8.4532 8.4925 8.5242 8.5525 8.5805 8.6077 8.639 8.6712 8.7028 8.7344 8.784 8.8268 8.8693 8.9115 8.9535 8.9953 9.035 9.0385 9.0411 9.042 9.0424 9.0147 8.9817 8.9487 8.9157 8.8825 8.8492 8.8159 8.7825 8.7489 8.7154 8.6357 8.5356 8.4355 8.3354 8.2352 8.135 8.0347 7.9344 7.834 7.7336 7.6331 7.5326 7.3941 7.2504 7.1067 6.9632 6.8388 6.7143 6.5898
8.522 8.4786 8.4352 8.3918 8.3486 8.3056 8.2635 8.2329 8.2027 8.1726 8.1516 8.1476 8.1448 8.1431 8.1414 8.1397 8.1381 8.1364 8.1348 8.1332 8.132 8.1607 8.1894 8.2177 8.2434 8.2727 8.3014 8.3295 8.3571 8.3842 8.4108 8.4381 8.4547 8.4805 8.5062 8.5318 8.5571 8.5877 8.6195 8.6262 8.6318 8.6362 8.6397 8.6096 8.5776 8.5455 8.5132 8.4809 8.4486 8.4162 8.3836 8.351 8.3184 8.2429 8.143 8.0427 7.9424 7.842 7.7416 7.6412 7.5407 7.4401 7.3395 7.2388 7.1449 7.0314 6.907 6.7826 6.6581 6.546 6.4338 6.3217
8.5126 8.4693 8.426 8.3824 8.3387 8.2953 8.2521 8.2093 8.1666 8.1242 8.0878 8.0579 8.0286 7.9993 7.9958 7.9941 7.9924 7.9907 7.9891 7.9875 7.9859 7.9843 7.9827 7.9792 7.992 8.0123 8.032 8.0517 8.0801 8.1081 8.1357 8.162 8.1774 8.1927 8.2078 8.2229 8.2377 8.2564 8.266 8.2624 8.2578 8.2518 8.244 8.2092 8.1744 8.1423 8.1109 8.0795 8.048 8.0165 7.9848 7.953 7.9213 7.8495 7.7504 7.65 7.5535 7.4635 7.3735 7.2835 7.1934 7.1034 7.0134 6.9234 6.8379 6.7407 6.6285 6.5164 6.4042 6.2921 6.18 6.0679
8.5678 8.5104 8.4528 8.3822 8.3345 8.287 8.2411 8.1978 8.1546 8.1119 8.0693 8.0271 7.9847 7.9434 7.9141 7.8848 7.8556 7.845 7.8433 7.8416 7.84 7.8384 7.8368 7.832 7.8255 7.8184 7.8111 7.8084 7.828 7.8472 7.8659 7.8867 7.9011 7.9167 7.9322 7.9474 7.9626 7.9777 7.9734 7.9635 7.9527 7.9413 7.9257 7.8893 7.853 7.8185 7.7843 7.75 7.7157 7.6813 7.6468 7.6122 7.5776 7.5105 7.4221 7.3321 7.2442 7.1608 7.0775 6.9942 6.911 6.8277 6.7445 6.6613 6.5781 6.4867 6.3746 6.2625 6.1504 6.0397 5.9292 5.8187
8.6851 8.6157 8.5462 8.4661 8.3854 8.3048 8.2416 8.1942 8.1471 8.1002 8.0563 8.0137 7.9714 7.929 7.8867 7.8444 7.8021 7.7704 7.7411 7.7119 7.6941 7.6925 7.6909 7.6853 7.6793 7.6728 7.6661 7.6591 7.6516 7.6436 7.6354 7.638 7.6313 7.6457 7.6601 7.6742 7.6883 7.7017 7.6952 7.6876 7.6791 7.6698 7.6538 7.6182 7.5825 7.5468 7.5111 7.4752 7.4393 7.4034 7.3673 7.3311 7.295 7.2317 7.1504 7.0671 6.9838 6.9005 6.8173 6.7341 6.6509 6.5677 6.4845 6.4013 6.3188 6.2343 6.1237 6.0132 5.9027 5.817 5.7339 5.6511
8.8089 8.74 8.6691 8.588 8.507 8.4262 8.3455 8.265 8.1846 8.1045 8.0533 8.0069 7.9606 7.9157 7.8733 7.831 7.7887 7.7463 7.704 7.6617 7.6266 7.5974 7.5677 7.5389 7.5336 7.5277 7.5216 7.5151 7.5082 7.5009 7.4933 7.4818 7.4692 7.4598 7.4503 7.4408 7.4313 7.4281 7.4223 7.416 7.4084 7.4005 7.3826 7.3475 7.3122 7.2772 7.2422 7.207 7.1719 7.1366 7.1013 7.0658 7.0304 6.9697 6.8899 6.8066 6.7236 6.6412 6.5589 6.4766 6.3943 6.312 6.2298 6.1476 6.0769 6.0099 5.9286 5.8454 5.7623 5.683 5.6043 5.5258
8.933 8.8644 8.7911 8.7097 8.6284 8.5473 8.4664 8.3855 8.305 8.2245 8.1442 8.0614 7.9786 7.9138 7.8675 7.8212 7.7753 7.7329 7.6906 7.6483 7.606 7.5637 7.5212 7.4809 7.4501 7.4189 7.3875 7.3715 7.3652 7.3585 7.3516 7.339 7.326 7.313 7.2999 7.2869 7.2738 7.2556 7.2325 7.2088 7.1843 7.1596 7.1277 7.088 7.0484 7.0138 6.9792 6.9444 6.9096 6.8748 6.8398 6.8048 6.7698 6.7117 6.6341 6.5518 6.4707 6.4034 6.3362 6.2691 6.202 6.135 6.0681 6.0013 5.9363 5.8719 5.7977 5.7188 5.6402 5.5617 5.4833 5.4051
9.1567 9.067 8.9684 8.8684 8.7685 8.6687 8.5871 8.506 8.4251 8.3444 8.2631 8.1803 8.0976 8.0148 7.932 7.8491 7.7745 7.7282 7.6819 7.6356 7.5925 7.5502 7.508 7.4655 7.4227 7.3797 7.3364 7.3022 7.2706 7.2388 7.2218 7.2019 7.1833 7.1703 7.1573 7.1443 7.1312 7.1095 7.0853 7.06 7.0345 7.0085 6.9747 6.9347 6.8949 6.8557 6.8164 6.777 6.7376 6.6982 6.6586 6.619 6.5795 6.5253 6.4605 6.3933 6.3262 6.2615 6.1968 6.1322 6.0677 6.0033 5.939 5.8747 5.8105 5.7464 5.6754 5.5969 5.5185 5.4464 5.376 5.306
9.4121 9.3192 9.2072 9.0902 8.9731 8.8582 8.7584 8.6586 8.5589 8.4641 8.382 8.2993 8.2165 8.1337 8.0509 7.9681 7.8853 7.8025 7.7197 7.6368 7.5888 7.5428 7.4972 7.4531 7.4106 7.368 7.3252 7.2821 7.2387 7.1951 7.1515 7.1084 7.0701 7.0502 7.0304 7.0106 6.9903 6.9659 6.943 6.9194 6.8956 6.8711 6.8368 6.7975 6.7581 6.7187 6.6792 6.6396 6.6 6.5603 6.5206 6.4808 6.4409 6.389 6.3273 6.2627 6.1981 6.1337 6.0693 6.005 5.9408 5.8766 5.8125 5.7486 5.6881 5.6287 5.5663 5.4958 5.4255 5.3747 5.3309 5.2875
9.6703 9.5779 9.4609 9.3438 9.2266 9.1095 8.9925 8.8755 8.7585 8.6481 8.5446 8.441 8.3373 8.2527 8.1699 8.0871 8.0044 7.9216 7.8387 7.7559 7.6731 7.5918 7.5113 7.452 7.4063 7.3603 7.3143 7.2715 7.2285 7.1853 7.142 7.0987 7.0555 7.0124 6.9695 6.9266 6.8832 6.8503 6.8233 6.7956 6.7677 6.7391 6.7018 6.6615 6.6215 6.5826 6.5437 6.5047 6.4656 6.4265 6.3873 6.3481 6.3089 6.2589 6.1987 6.1343 6.07 6.0096 5.9498 5.8901 5.8305 5.771 5.7116 5.6523 5.6049 5.5606 5.5165 5.4725 5.4287 5.3852 5.342 5.299
9.9494 9.8353 9.717 9.5988 9.4807 9.3629 9.2458 9.1287 9.0117 8.893 8.77 8.6469 8.5248 8.4212 8.3175 8.2139 8.1234 8.0406 7.9578 7.875 7.7922 7.7119 7.6317 7.5513 7.4708 7.3901 7.3163 7.2701 7.2238 7.1772 7.1324 7.0889 7.0455 7.0022 6.959 6.9159 6.8726 6.8287 6.7844 6.7395 6.6942 6.6486 6.6037 6.5588 6.5153 6.4755 6.4356 6.3956 6.3556 6.3155 6.2753 6.2351 6.1949 6.1469 6.0911 6.0314 5.9717 5.9236 5.8788 5.8341 5.7896 5.7452 5.7009 5.6568 5.6128 5.5689 5.5252 5.4817 5.4385 5.3955 5.3528 5.3103
10.326 10.197 10.048 9.8998 9.7511 9.6195 9.5013 9.3832 9.2652 9.1442 9.0213 8.8983 8.7752 8.6522 8.5291 8.406 8.2978 8.1941 8.0904 7.9941 7.912 7.8323 7.7522 7.6721 7.5918 7.5114 7.4308 7.3501 7.2692 7.2115 7.1509 7.0905 7.0354 6.9918 6.9485 6.9052 6.8626 6.8197 6.7763 6.7325 6.6884 6.644 6.5996 6.5551 6.5106 6.4661 6.4215 6.3768 6.3322 6.2874 6.2426 6.1978 6.1529 6.1075 6.0619 6.0171 5.9725 5.928 5.8837 5.8396 5.7955 5.7515 5.7077 5.664 5.6205 5.577 5.5338 5.4908 5.448 5.4164 5.3929 5.3697
10.718 10.581 10.43 10.278 10.126 9.9768 9.8281 9.6793 9.5304 9.3984 9.2744 9.1503 9.0266 8.9036 8.7806 8.6575 8.5344 8.4113 8.2881 8.1744 8.0728 7.9728 7.873 7.7931 7.713 7.6328 7.5525 7.472 7.3913 7.3119 7.2365 7.1614 7.0914 7.031 6.9708 6.9112 6.8562 6.8111 6.7687 6.7259 6.6828 6.6395 6.5956 6.5516 6.5075 6.4634 6.4193 6.3751 6.3308 6.2865 6.2422 6.1978 6.1533 6.1092 6.0649 6.0206 5.9764 5.9324 5.8885 5.8448 5.8012 5.7577 5.7143 5.6711 5.6365 5.6042 5.572 5.5442 5.5205 5.5057 5.4989 5.4925
11.112 10.967 10.816 10.664 10.513 10.361 10.21 10.058 9.9033 9.7435 9.584 9.4245 9.2813 9.1572 9.0331 8.9091 8.786 8.6629 8.5398 8.4167 8.2972 8.1782 8.0621 7.962 7.8618 7.7615 7.6743 7.594 7.5136 7.4353 7.3594 7.2838 7.2083 7.1332 7.0582 6.9866 6.9208 6.8641 6.8092 6.7541 6.6988 6.6446 6.5973 6.5499 6.5044 6.4608 6.4171 6.3733 6.3295 6.2856 6.2417 6.1978 6.1538 6.1107 6.0678 6.024 5.9803 5.9424 5.9096 5.8769 5.8444 5.812 5.7797 5.7477 5.723 5.7006 5.6783 5.6604 5.6535 5.647 5.6409 5.6351
