RiverBedGeometry/fakeriver.asc
ncols    331
nrows    48
xllcorner    0.850000
yllcorner    47.749953
cellsize    0.300000
NODATA_value    -9999
[rows 0 to 31 of 48, columns 0 to 71 of 331]
-9999 -9999 -9999 -9999 -9999 -9999 -9999 -9999 -9999 -9999 -9999 -9999 -9999 -9999 -9999 -9999 -9999 -9999 -9999 -9999 -9999 -9999 -9999 -9999 -9999 -9999 -9999 -9999 -9999 -9999 -9999 -9999 -9999 -9999 -9999 -9999 -9999 -9999 -9999 -9999 -9999 -9999 -9999 -9999 -9999 -9999 -9999 -9999 -9999 -9999 -9999 -9999 -9999 -9999 -9999 -9999 -9999 -9999 -9999 -9999 -9999 -9999 -9999 -9999 -9999 -9999 -9999 -9999 -9999 -9999 -9999 -9999
19.52 19.535 19.55 19.573 19.599 19.625 19.651 19.696 -9999 -9999 -9999 -9999 -9999 -9999 -9999 -9999 -9999 -9999 -9999 -9999 -9999 -9999 -9999 -9999 -9999 -9999 -9999 -9999 -9999 -9999 -9999 -9999 -9999 -9999 -9999 -9999 -9999 -9999 -9999 -9999 -9999 -9999 -9999 -9999 -9999 -9999 -9999 -9999 -9999 -9999 -9999 -9999 -9999 -9999 -9999 -9999 -9999 -9999 -9999 -9999 -9999 -9999 -9999 -9999 -9999 -9999 -9999 -9999 -9999 -9999 -9999 -9999
18.987 19.001 19.015 19.038 19.064 19.09 19.116 19.167 19.242 19.319 19.395 19.472 19.549 -9999 -9999 -9999 -9999 -9999 -9999 -9999 -9999 -9999 -9999 -9999 -9999 -9999 -9999 -9999 -9999 -9999 -9999 -9999 -9999 -9999 -9999 -9999 -9999 -9999 -9999 -9999 -9999 -9999 -9999 -9999 -9999 -9999 -9999 -9999 -9999 -9999 -9999 -9999 -9999 -9999 -9999 -9999 -9999 -9999 -9999 -9999 -9999 -9999 -9999 -9999 -9999 -9999 -9999 -9999 -9999 -9999 -9999 -9999
18.453 18.467 18.48 18.504 18.529 18.555 18.58 18.638 18.712 18.788 18.863 18.939 19.016 19.092 19.17 19.248 19.326 -9999 -9999 -9999 -9999 -9999 -9999 -9999 -9999 -9999 -9999 -9999 -9999 -9999 -9999 -9999 -9999 -9999 -9999 -9999 -9999 -9999 -9999 -9999 -9999 -9999 -9999 -9999 -9999 -9999 -9999 -9999 -9999 -9999 -9999 -9999 -9999 -9999 -9999 -9999 -9999 -9999 -9999 -9999 -9999 -9999 -9999 -9999 -9999 -9999 -9999 -9999 -9999 -9999 -9999 -9999
17.956 17.966 17.976 17.996 18.016 18.037 18.057 18.113 18.182 18.256 18.331 18.406 18.481 18.557 18.634 18.71 18.788 18.865 18.944 19.022 19.104 -9999 -9999 -9999 -9999 -9999 -9999 -9999 -9999 -9999 -9999 -9999 -9999 -9999 -9999 -9999 -9999 -9999 -9999 -9999 -9999 -9999 -9999 -9999 -9999 -9999 -9999 -9999 -9999 -9999 -9999 -9999 -9999 -9999 -9999 -9999 -9999 -9999 -9999 -9999 -9999 -9999 -9999 -9999 -9999 -9999 -9999 -9999 -9999 -9999 -9999 -9999
17.546 17.548 17.551 17.56 17.57 17.58 17.59 17.632 17.687 17.752 17.817 17.882 17.948 18.022 18.097 18.173 18.249 18.326 18.403 18.481 18.571 18.696 18.821 18.947 19.073 -9999 -9999 -9999 -9999 -9999 -9999 -9999 -9999 -9999 -9999 -9999 -9999 -9999 -9999 -9999 -9999 -9999 -9999 -9999 -9999 -9999 -9999 -9999 -9999 -9999 -9999 -9999 -9999 -9999 -9999 -9999 -9999 -9999 -9999 -9999 -9999 -9999 -9999 -9999 -9999 -9999 -9999 -9999 -9999 -9999 -9999 -9999
17.146 17.147 17.149 17.159 17.168 17.177 17.189 17.233 17.276 17.32 17.364 17.409 17.454 17.519 17.584 17.65 17.717 17.787 17.863 17.94 18.039 18.162 18.287 18.411 18.537 18.663 18.789 18.91 -9999 -9999 -9999 -9999 -9999 -9999 -9999 -9999 -9999 -9999 -9999 -9999 -9999 -9999 -9999 -9999 -9999 -9999 -9999 -9999 -9999 -9999 -9999 -9999 -9999 -9999 -9999 -9999 -9999 -9999 -9999 -9999 -9999 -9999 -9999 -9999 -9999 -9999 -9999 -9999 -9999 -9999 -9999 -9999
16.746 16.746 16.748 16.757 16.766 16.775 16.791 16.833 16.876 16.919 16.963 17.007 17.051 17.095 17.14 17.185 17.231 17.284 17.351 17.417 17.512 17.628 17.752 17.875 18 18.125 18.249 18.369 18.489 18.61 18.73 -9999 -9999 -9999 -9999 -9999 -9999 -9999 -9999 -9999 -9999 -9999 -9999 -9999 -9999 -9999 -9999 -9999 -9999 -9999 -9999 -9999 -9999 -9999 -9999 -9999 -9999 -9999 -9999 -9999 -9999 -9999 -9999 -9999 -9999 -9999 -9999 -9999 -9999 -9999 -9999 -9999
16.418 16.412 16.406 16.405 16.404 16.404 16.412 16.436 16.476 16.518 16.561 16.604 16.647 16.691 16.735 16.78 16.824 16.869 16.915 16.961 17.039 17.139 17.245 17.351 17.462 17.586 17.708 17.828 17.949 18.069 18.189 18.309 18.43 18.55 -9999 -9999 -9999 -9999 -9999 -9999 -9999 -9999 -9999 -9999 -9999 -9999 -9999 -9999 -9999 -9999 -9999 -9999 -9999 -9999 -9999 -9999 -9999 -9999 -9999 -9999 -9999 -9999 -9999 -9999 -9999 -9999 -9999 -9999 -9999 -9999 -9999 -9999
16.145 16.134 16.124 16.116 16.109 16.102 16.105 16.118 16.141 16.166 16.191 16.216 16.243 16.286 16.33 16.373 16.417 16.462 16.506 16.555 16.637 16.718 16.8 16.883 16.976 17.082 17.186 17.289 17.408 17.528 17.648 17.768 17.889 18.009 18.129 18.25 18.371 18.491 -9999 -9999 -9999 -9999 -9999 -9999 -9999 -9999 -9999 -9999 -9999 -9999 -9999 -9999 -9999 -9999 -9999 -9999 -9999 -9999 -9999 -9999 -9999 -9999 -9999 -9999 -9999 -9999 -9999 -9999 -9999 -9999 -9999 -9999
15.878 15.866 15.855 15.847 15.839 15.831 15.837 15.849 15.862 15.875 15.888 15.902 15.918 15.943 15.968 15.994 16.02 16.054 16.098 16.153 16.233 16.314 16.396 16.478 16.56 16.642 16.721 16.803 16.906 17.009 17.112 17.227 17.347 17.467 17.588 17.708 17.829 17.949 18.07 18.191 18.309 -9999 -9999 -9999 -9999 -9999 -9999 -9999 -9999 -9999 -9999 -9999 -9999 -9999 -9999 -9999 -9999 -9999 -9999 -9999 -9999 -9999 -9999 -9999 -9999 -9999 -9999 -9999 -9999 -9999 -9999 -9999
15.617 15.603 15.59 15.581 15.572 15.563 15.569 15.58 15.592 15.605 15.618 15.631 15.644 15.658 15.672 15.686 15.7 15.72 15.745 15.775 15.83 15.91 15.991 16.071 16.153 16.233 16.313 16.392 16.471 16.55 16.63 16.729 16.832 16.935 17.046 17.166 17.287 17.407 17.528 17.649 17.752 17.823 17.893 17.962 18.031 18.098 -9999 -9999 -9999 -9999 -9999 -9999 -9999 -9999 -9999 -9999 -9999 -9999 -9999 -9999 -9999 -9999 -9999 -9999 -9999 -9999 -9999 -9999 -9999 -9999 -9999 -9999
15.453 15.429 15.405 15.383 15.36 15.338 15.325 15.317 15.328 15.338 15.349 15.36 15.372 15.385 15.398 15.412 15.425 15.439 15.454 15.487 15.529 15.575 15.622 15.67 15.745 15.825 15.904 15.983 16.062 16.141 16.221 16.3 16.379 16.459 16.552 16.655 16.759 16.865 16.986 17.106 17.195 17.268 17.34 17.411 17.481 17.55 17.619 17.686 17.753 17.819 -9999 -9999 -9999 -9999 -9999 -9999 -9999 -9999 -9999 -9999 -9999 -9999 -9999 -9999 -9999 -9999 -9999 -9999 -9999 -9999 -9999 -9999
15.317 15.29 15.264 15.239 15.214 15.189 15.173 15.158 15.146 15.133 15.121 15.109 15.105 15.116 15.128 15.139 15.151 15.164 15.177 15.215 15.254 15.293 15.333 15.373 15.42 15.465 15.51 15.574 15.653 15.732 15.811 15.89 15.97 16.049 16.129 16.208 16.288 16.375 16.479 16.582 16.647 16.714 16.787 16.86 16.932 17.003 17.073 17.143 17.212 17.28 17.347 17.413 17.464 17.488 17.511 17.535 17.558 -9999 -9999 -9999 -9999 -9999 -9999 -9999 -9999 -9999 -9999 -9999 -9999 16.717 16.606 16.494
15.184 15.155 15.128 15.102 15.076 15.052 15.036 15.019 15.003 14.987 14.971 14.955 14.941 14.929 14.917 14.905 14.894 14.894 14.918 14.945 14.98 15.019 15.058 15.098 15.137 15.175 15.214 15.257 15.302 15.347 15.402 15.481 15.56 15.64 15.719 15.798 15.878 15.957 16.037 16.106 16.152 16.2 16.266 16.331 16.395 16.459 16.529 16.6 16.671 16.74 16.809 16.877 16.924 16.948 16.973 16.997 17.02 17.014 16.975 16.936 16.897 16.857 16.817 16.777 16.702 16.608 16.515 16.418 16.306 16.194 16.081 15.968
15.077 15.044 15.013 14.982 14.952 14.924 14.901 14.881 14.864 14.848 14.831 14.815 14.799 14.783 14.767 14.752 14.737 14.723 14.711 14.71 14.734 14.762 14.79 14.821 14.86 14.898 14.937 14.975 15.014 15.052 15.094 15.139 15.184 15.23 15.309 15.388 15.468 15.547 15.627 15.686 15.733 15.779 15.825 15.87 15.914 15.958 16.019 16.082 16.145 16.207 16.272 16.342 16.383 16.409 16.434 16.459 16.484 16.469 16.433 16.396 16.359 16.322 16.284 16.246 16.173 16.081 15.99 15.896 15.783 15.67 15.557 15.443
15.062 15.019 14.976 14.933 14.889 14.846 14.802 14.77 14.747 14.724 14.701 14.678 14.659 14.642 14.626 14.61 14.594 14.579 14.571 14.569 14.567 14.565 14.564 14.576 14.604 14.632 14.66 14.698 14.736 14.775 14.814 14.852 14.891 14.93 14.976 15.021 15.066 15.137 15.217 15.267 15.315 15.363 15.41 15.456 15.502 15.546 15.591 15.634 15.677 15.719 15.772 15.834 15.863 15.884 15.905 15.926 15.947 15.925 15.891 15.857 15.822 15.787 15.752 15.716 15.644 15.554 15.464 15.374 15.261 15.149 15.04 14.931
15.062 15.017 14.972 14.928 14.884 14.84 14.796 14.752 14.708 14.665 14.621 14.578 14.546 14.523 14.5 14.478 14.455 14.436 14.43 14.427 14.424 14.422 14.42 14.419 14.417 14.415 14.417 14.445 14.473 14.501 14.536 14.575 14.613 14.652 14.69 14.729 14.768 14.812 14.856 14.886 14.916 14.947 14.995 15.043 15.09 15.136 15.181 15.226 15.271 15.314 15.357 15.4 15.41 15.42 15.429 15.438 15.451 15.42 15.386 15.352 15.317 15.282 15.248 15.213 15.143 15.056 14.969 14.882 14.777 14.671 14.573 14.475
15.062 15.014 14.968 14.923 14.878 14.834 14.789 14.745 14.702 14.658 14.614 14.57 14.527 14.483 14.44 14.397 14.354 14.335 14.305 14.285 14.281 14.278 14.276 14.274 14.272 14.269 14.267 14.265 14.263 14.262 14.285 14.313 14.341 14.374 14.413 14.451 14.49 14.529 14.556 14.575 14.593 14.612 14.642 14.671 14.7 14.728 14.773 14.819 14.865 14.91 14.954 14.994 15.004 15.014 15.024 15.034 15.039 15.003 14.967 14.93 14.894 14.856 14.82 14.782 14.716 14.634 14.553 14.472 14.379 14.281 14.182 14.084
15.122 15.066 15.011 14.956 14.901 14.843 14.785 14.739 14.694 14.65 14.606 14.563 14.519 14.475 14.432 14.388 14.345 14.302 14.259 14.223 14.193 14.163 14.134 14.128 14.126 14.124 14.122 14.12 14.118 14.116 14.114 14.112 14.11 14.126 14.154 14.182 14.212 14.251 14.273 14.293 14.312 14.331 14.349 14.367 14.384 14.401 14.429 14.456 14.484 14.511 14.551 14.587 14.598 14.609 14.62 14.63 14.629 14.594 14.56 14.525 14.49 14.455 14.42 14.385 14.32 14.239 14.16 14.08 13.99 13.891 13.792 13.692
15.246 15.181 15.118 15.054 14.99 14.921 14.851 14.792 14.734 14.676 14.618 14.56 14.511 14.467 14.423 14.379 14.336 14.292 14.249 14.206 14.163 14.121 14.079 14.049 14.02 13.991 13.977 13.975 13.973 13.971 13.969 13.967 13.965 13.963 13.961 13.959 13.966 13.975 13.995 14.014 14.033 14.051 14.07 14.089 14.107 14.125 14.142 14.159 14.175 14.191 14.215 14.231 14.232 14.232 14.232 14.232 14.219 14.186 14.154 14.121 14.088 14.054 14.021 13.987 13.923 13.844 13.766 13.687 13.6 13.502 13.413 13.324
15.379 15.311 15.246 15.181 15.115 15.046 14.976 14.906 14.836 14.767 14.697 14.627 14.565 14.507 14.45 14.392 14.334 14.287 14.239 14.194 14.151 14.108 14.066 14.023 13.981 13.939 13.906 13.876 13.847 13.825 13.823 13.821 13.819 13.817 13.815 13.814 13.812 13.806 13.799 13.791 13.783 13.778 13.797 13.814 13.832 13.849 13.867 13.885 13.902 13.919 13.935 13.938 13.932 13.926 13.919 13.912 13.889 13.854 13.819 13.783 13.748 13.712 13.676 13.639 13.579 13.505 13.432 13.359 13.282 13.193 13.111 13.029
15.513 15.44 15.373 15.307 15.241 15.171 15.101 15.031 14.961 14.892 14.822 14.752 14.683 14.613 14.543 14.473 14.404 14.323 14.241 14.193 14.145 14.098 14.052 14.01 13.968 13.925 13.883 13.841 13.798 13.762 13.732 13.703 13.674 13.672 13.67 13.668 13.666 13.657 13.646 13.636 13.624 13.613 13.605 13.597 13.588 13.581 13.598 13.615 13.632 13.648 13.665 13.665 13.659 13.653 13.647 13.641 13.613 13.576 13.54 13.503 13.466 13.429 13.392 13.354 13.296 13.226 13.157 13.088 13.018 12.935 12.853 12.771
15.74 15.653 15.571 15.49 15.404 15.314 15.226 15.156 15.086 15.017 14.947 14.877 14.807 14.738 14.668 14.598 14.528 14.445 14.362 14.28 14.199 14.117 14.051 14.005 13.958 13.912 13.87 13.828 13.785 13.743 13.701 13.658 13.618 13.588 13.559 13.53 13.526 13.509 13.5 13.489 13.479 13.468 13.456 13.444 13.432 13.42 13.412 13.403 13.393 13.383 13.4 13.396 13.39 13.383 13.377 13.37 13.338 13.303 13.268 13.232 13.197 13.161 13.125 13.089 13.032 12.964 12.896 12.828 12.761 12.678 12.596 12.514
16.003 15.909 15.823 15.738 15.647 15.554 15.46 15.37 15.279 15.189 15.098 15.008 14.932 14.863 14.793 14.723 14.65 14.566 14.483 14.4 14.318 14.236 14.154 14.071 13.989 13.912 13.866 13.819 13.773 13.73 13.687 13.645 13.603 13.56 13.518 13.476 13.433 13.392 13.375 13.358 13.34 13.323 13.312 13.301 13.29 13.278 13.266 13.253 13.241 13.228 13.218 13.196 13.174 13.152 13.13 13.107 13.07 13.036 13.002 12.967 12.932 12.897 12.863 12.827 12.772 12.705 12.639 12.572 12.506 12.427 12.356 12.289
16.27 16.17 16.083 15.996 15.904 15.81 15.717 15.623 15.529 15.435 15.34 15.246 15.155 15.064 14.973 14.883 14.801 14.698 14.604 14.52 14.437 14.355 14.272 14.19 14.108 14.025 13.943 13.86 13.778 13.726 13.68 13.634 13.589 13.547 13.505 13.462 13.42 13.377 13.334 13.291 13.248 13.208 13.191 13.172 13.154 13.137 13.125 13.113 13.101 13.089 13.073 13.049 13.025 13.001 12.977 12.949 12.91 12.87 12.831 12.792 12.752 12.712 12.672 12.632 12.58 12.521 12.462 12.403 12.344 12.28 12.215 12.151
16.556 16.448 16.356 16.264 16.168 16.07 15.974 15.88 15.786 15.692 15.599 15.505 15.41 15.316 15.222 15.128 15.015 14.894 14.784 14.681 14.579 14.476 14.391 14.309 14.226 14.144 14.062 13.979 13.897 13.814 13.732 13.649 13.587 13.541 13.495 13.449 13.407 13.365 13.322 13.28 13.237 13.193 13.15 13.106 13.063 13.024 13.006 12.987 12.968 12.95 12.934 12.91 12.886 12.862 12.838 12.808 12.769 12.73 12.691 12.651 12.612 12.572 12.532 12.492 12.441 12.384 12.328 12.271 12.215 12.154 12.09 12.025
16.933 16.809 16.701 16.594 16.478 16.362 16.253 16.155 16.058 15.96 15.862 15.764 15.669 15.575 15.481 15.387 15.268 15.147 15.026 14.906 14.785 14.663 14.56 14.457 14.354 14.263 14.181 14.098 14.016 13.933 13.851 13.768 13.686 13.603 13.521 13.472 13.412 13.352 13.31 13.268 13.225 13.183 13.14 13.096 13.053 13.009 12.966 12.921 12.877 12.84 12.816 12.788 12.76 12.731 12.703 12.668 12.63 12.591 12.553 12.515 12.476 12.437 12.398 12.36 12.309 12.254 12.198 12.143 12.087 12.028 11.966 11.906
17.333 17.201 17.091 16.98 16.864 16.748 16.632 16.516 16.4 16.283 16.167 16.05 15.948 15.85 15.752 15.645 15.522 15.4 15.278 15.157 15.036 14.913 14.791 14.669 14.546 14.438 14.335 14.232 14.135 14.052 13.97 13.887 13.805 13.722 13.64 13.562 13.486 13.411 13.35 13.29 13.229 13.172 13.13 13.087 13.044 13.001 12.957 12.913 12.87 12.825 12.781 12.738 12.694 12.65 12.606 12.561 12.52 12.481 12.442 12.402 12.363 12.323 12.283 12.244 12.195 12.143 12.09 12.037 11.985 11.93 11.876 11.832
17.733 17.594 17.481 17.368 17.253 17.137 17.021 16.905 16.789 16.673 16.556 16.439 16.323 16.206 16.089 15.963 15.809 15.656 15.533 15.41 15.287 15.164 15.042 14.92 14.798 14.675 14.553 14.43 14.316 14.213 14.11 14.007 13.924 13.842 13.759 13.683 13.607 13.531 13.455 13.378 13.302 13.229 13.168 13.107 13.046 12.992 12.949 12.906 12.862 12.818 12.775 12.731 12.687 12.643 12.599 12.555 12.511 12.466 12.421 12.377 12.332 12.287 12.242 12.197 12.151 12.106 12.061 12.016 11.971 11.926 11.882 11.838
18.183 18.029 17.906 17.782 17.657 17.531 17.411 17.296 17.18 17.064 16.948 16.832 16.715 16.599 16.482 16.343 16.185 16.028 15.874 15.718 15.56 15.419 15.295 15.172 15.049 14.926 14.804 14.682 14.559 14.437 14.315 14.194 14.091 13.988 13.881 13.805 13.729 13.653 13.577 13.5 13.424 13.347 13.271 13.194 13.117 13.047 12.986 12.925 12.863 12.812 12.768 12.724 12.68 12.636 12.592 12.549 12.505 12.461 12.417 12.373 12.329 12.285 12.241 12.196 12.152 12.108 12.064 12.02 11.976 11.932 11.888 11.844
18.702 18.531 18.396 18.26 18.123 17.986 17.856 17.731 17.605 17.479 17.353 17.226 17.108 16.992 16.876 16.728 16.57 16.413 16.255 16.095 15.933 15.773 15.615 15.456 15.303 15.18 15.057 14.933 14.811 14.688 14.566 14.444 14.321 14.199 14.089 13.983 13.877 13.775 13.699 13.622 13.546 13.47 13.394 13.317 13.24 13.164 13.087 13.01 12.933 12.866 12.811 12.756 12.701 12.646 12.592 12.544 12.5 12.457 12.414 12.37 12.327 12.283 12.24 12.196 12.153 12.11 12.067 12.023 11.981 11.938 11.895 11.862
