RiverBedGeometry/fakeriver.asc
ncols    331
nrows    48
xllcorner    0.850000
yllcorner    47.749953
cellsize    0.300000
NODATA_value    -9999
[rows 0 to 31 of 48, columns 72 to 143 of 331]
-9999 -9999 -9999 -9999 -9999 -9999 -9999 -9999 -9999 -9999 -9999 -9999 -9999 -9999 -9999 -9999 -9999 -9999 -9999 -9999 -9999 -9999 -9999 -9999 -9999 -9999 -9999 -9999 -9999 -9999 -9999 -9999 -9999 -9999 -9999 -9999 -9999 -9999 -9999 -9999 -9999 -9999 -9999 -9999 -9999 -9999 -9999 -9999 -9999 -9999 -9999 -9999 -9999 -9999 -9999 -9999 -9999 -9999 -9999 -9999 -9999 -9999 -9999 -9999 -9999 -9999 -9999 -9999 -9999 -9999 -9999 -9999
-9999 -9999 -9999 -9999 -9999 -9999 -9999 -9999 -9999 -9999 -9999 -9999 -9999 -9999 -9999 -9999 -9999 -9999 -9999 -9999 -9999 -9999 -9999 -9999 -9999 -9999 -9999 -9999 -9999 -9999 -9999 -9999 -9999 -9999 -9999 -9999 -9999 -9999 -9999 -9999 -9999 -9999 -9999 -9999 -9999 -9999 14.481 14.346 14.21 14.136 14.064 13.993 13.922 13.85 13.784 13.75 13.719 13.687 13.656 13.625 13.594 13.563 13.587 13.633 13.68 13.727 13.774 -9999 -9999 -9999 -9999 -9999
-9999 -9999 -9999 -9999 -9999 -9999 -9999 -9999 -9999 -9999 -9999 -9999 -9999 -9999 -9999 -9999 -9999 -9999 -9999 -9999 -9999 -9999 -9999 -9999 -9999 -9999 -9999 -9999 -9999 -9999 -9999 -9999 -9999 -9999 -9999 -9999 -9999 -9999 -9999 -9999 -9999 14.64 14.503 14.367 14.231 14.095 13.959 13.824 13.688 13.607 13.535 13.463 13.391 13.319 13.251 13.216 13.185 13.154 13.123 13.092 13.062 13.031 13.057 13.103 13.148 13.194 13.24 13.287 13.333 13.38 13.428 13.476
-9999 -9999 -9999 -9999 -9999 -9999 -9999 -9999 -9999 -9999 -9999 -9999 -9999 -9999 -9999 -9999 -9999 -9999 -9999 -9999 -9999 -9999 -9999 -9999 -9999 -9999 -9999 -9999 -9999 -9999 -9999 -9999 -9999 -9999 -9999 -9999 14.895 14.712 14.53 14.388 14.252 14.116 13.98 13.844 13.708 13.573 13.437 13.302 13.167 13.079 13.006 12.934 12.861 12.788 12.718 12.683 12.652 12.621 12.59 12.56 12.529 12.498 12.528 12.572 12.616 12.661 12.706 12.752 12.797 12.843 12.89 12.936
-9999 -9999 -9999 -9999 -9999 -9999 -9999 -9999 -9999 -9999 -9999 -9999 -9999 -9999 -9999 -9999 -9999 -9999 -9999 -9999 -9999 -9999 -9999 -9999 -9999 -9999 -9999 -9999 -9999 -9999 -9999 -9999 -9999 14.927 14.744 14.561 14.378 14.196 14.013 13.863 13.727 13.592 13.456 13.321 13.185 13.05 12.918 12.79 12.663 12.573 12.502 12.432 12.361 12.29 12.221 12.186 12.155 12.123 12.092 12.06 12.029 11.997 12.025 12.062 12.099 12.137 12.175 12.216 12.261 12.306 12.351 12.397
-9999 -9999 -9999 -9999 -9999 -9999 -9999 -9999 -9999 -9999 -9999 -9999 -9999 -9999 -9999 -9999 -9999 -9999 -9999 -9999 -9999 -9999 -9999 -9999 -9999 -9999 -9999 -9999 -9999 15.141 14.958 14.775 14.592 14.409 14.226 14.044 13.861 13.679 13.497 13.339 13.203 13.074 12.946 12.819 12.691 12.563 12.441 12.33 12.219 12.134 12.069 12.004 11.939 11.874 11.81 11.775 11.742 11.709 11.676 11.643 11.61 11.577 11.595 11.617 11.64 11.663 11.687 11.719 11.756 11.794 11.832 11.871
-9999 -9999 -9999 -9999 -9999 -9999 -9999 -9999 -9999 -9999 -9999 -9999 -9999 -9999 -9999 -9999 -9999 -9999 -9999 -9999 -9999 -9999 -9999 -9999 -9999 -9999 15.23 15.027 14.824 14.622 14.439 14.256 14.073 13.891 13.708 13.526 13.344 13.174 13.003 12.846 12.718 12.604 12.493 12.382 12.272 12.161 12.05 11.939 11.829 11.739 11.674 11.608 11.542 11.476 11.411 11.375 11.342 11.309 11.276 11.243 11.21 11.177 11.196 11.218 11.24 11.262 11.285 11.307 11.33 11.354 11.378 11.402
-9999 -9999 -9999 -9999 -9999 -9999 -9999 -9999 -9999 -9999 -9999 -9999 -9999 -9999 -9999 -9999 -9999 -9999 -9999 -9999 -9999 -9999 -9999 15.324 15.121 14.919 14.716 14.513 14.311 14.108 13.92 13.738 13.555 13.38 13.209 13.038 12.867 12.72 12.575 12.434 12.323 12.213 12.102 11.991 11.88 11.77 11.659 11.549 11.439 11.344 11.278 11.211 11.145 11.078 11.012 10.975 10.942 10.909 10.876 10.843 10.81 10.778 10.798 10.819 10.84 10.861 10.882 10.904 10.926 10.948 10.971 10.999
-9999 -9999 -9999 -9999 -9999 -9999 -9999 -9999 -9999 -9999 -9999 -9999 -9999 -9999 -9999 -9999 -9999 -9999 -9999 15.622 15.419 15.216 15.013 14.81 14.607 14.405 14.202 14 13.797 13.595 13.415 13.244 13.073 12.917 12.771 12.625 12.48 12.335 12.189 12.044 11.932 11.821 11.71 11.6 11.489 11.379 11.269 11.174 11.078 10.991 10.93 10.868 10.807 10.745 10.684 10.647 10.612 10.577 10.543 10.508 10.473 10.441 10.449 10.457 10.465 10.473 10.482 10.5 10.521 10.542 10.564 10.597
-9999 -9999 -9999 -9999 -9999 -9999 -9999 -9999 -9999 -9999 -9999 -9999 -9999 -9999 -9999 -9999 15.716 15.513 15.31 15.107 14.904 14.701 14.499 14.296 14.094 13.891 13.691 13.505 13.32 13.134 12.967 12.821 12.676 12.53 12.385 12.239 12.094 11.949 11.804 11.659 11.54 11.439 11.343 11.247 11.152 11.056 10.96 10.873 10.786 10.704 10.645 10.587 10.528 10.47 10.411 10.373 10.337 10.301 10.266 10.23 10.194 10.162 10.162 10.161 10.161 10.161 10.162 10.168 10.177 10.185 10.194 10.215
-9999 -9999 -9999 -9999 -9999 -9999 -9999 -9999 -9999 -9999 -9999 -9999 -9999 15.81 15.607 15.404 15.201 14.998 14.795 14.593 14.39 14.187 13.985 13.789 13.604 13.418 13.232 13.07 12.908 12.745 12.583 12.435 12.289 12.144 11.998 11.853 11.708 11.579 11.456 11.333 11.225 11.135 11.048 10.962 10.875 10.788 10.701 10.614 10.527 10.442 10.383 10.324 10.264 10.205 10.146 10.106 10.071 10.035 9.9986 9.9626 9.9267 9.8967 9.895 9.8936 9.8924 9.8914 9.8909 9.8906 9.8905 9.8908 9.8915 9.9048
-9999 -9999 -9999 -9999 -9999 -9999 -9999 -9999 -9999 16.026 15.855 15.684 15.498 15.295 15.092 14.889 14.686 14.484 14.281 14.078 13.887 13.702 13.516 13.337 13.174 13.012 12.85 12.688 12.526 12.363 12.201 12.048 11.902 11.767 11.644 11.521 11.397 11.284 11.174 11.064 10.963 10.876 10.79 10.703 10.616 10.529 10.442 10.356 10.27 10.184 10.124 10.065 10.005 9.9455 9.8859 9.8453 9.809 9.7728 9.7366 9.7004 9.6641 9.6353 9.6317 9.6282 9.625 9.6223 9.6198 9.6183 9.6173 9.6167 9.6181 9.6322
-9999 -9999 -9999 -9999 16.357 16.187 16.016 15.846 15.674 15.503 15.332 15.159 14.983 14.78 14.577 14.374 14.171 13.986 13.8 13.614 13.441 13.279 13.117 12.954 12.792 12.63 12.468 12.306 12.143 11.981 11.827 11.708 11.585 11.468 11.358 11.248 11.139 11.029 10.92 10.81 10.705 10.618 10.532 10.447 10.361 10.275 10.189 10.117 10.05 9.9828 9.9289 9.8768 9.8246 9.7724 9.72 9.6796 9.6406 9.6016 9.5626 9.5236 9.4846 9.4511 9.4313 9.4117 9.3924 9.3734 9.3547 9.3513 9.3484 9.3457 9.3484 9.3609
16.382 16.27 16.157 16.008 15.837 15.666 15.495 15.324 15.152 14.98 14.808 14.635 14.462 14.27 14.084 13.898 13.712 13.546 13.384 13.221 13.059 12.896 12.734 12.572 12.41 12.247 12.085 11.941 11.812 11.684 11.556 11.434 11.323 11.213 11.104 10.994 10.884 10.776 10.668 10.56 10.452 10.377 10.31 10.243 10.176 10.108 10.041 9.9758 9.9112 9.8465 9.7921 9.7405 9.6889 9.6372 9.5853 9.5438 9.5041 9.4645 9.4248 9.3852 9.3456 9.3115 9.2885 9.2656 9.2432 9.2209 9.1992 9.1798 9.1606 9.1417 9.1271 9.1154
15.855 15.742 15.629 15.489 15.318 15.146 14.975 14.803 14.63 14.466 14.303 14.139 13.975 13.813 13.651 13.488 13.326 13.163 13.001 12.838 12.676 12.514 12.352 12.189 12.055 11.926 11.797 11.671 11.549 11.427 11.305 11.183 11.069 10.96 10.852 10.744 10.636 10.543 10.463 10.384 10.304 10.236 10.172 10.107 10.043 9.9783 9.9136 9.8489 9.7841 9.7193 9.663 9.6107 9.5584 9.5059 9.4534 9.4104 9.3705 9.3306 9.2907 9.2508 9.211 9.1772 9.1531 9.1293 9.1059 9.0826 9.0597 9.0371 9.0147 8.9926 8.9759 8.9604
15.329 15.215 15.101 14.971 14.802 14.639 14.476 14.313 14.149 14.005 13.862 13.719 13.577 13.43 13.267 13.105 12.942 12.78 12.618 12.455 12.297 12.168 12.04 11.911 11.787 11.665 11.543 11.421 11.299 11.177 11.055 10.941 10.82 10.721 10.642 10.563 10.483 10.406 10.33 10.255 10.179 10.111 10.046 9.9813 9.9166 9.8519 9.787 9.7248 9.6648 9.6048 9.5503 9.4996 9.4488 9.3979 9.3469 9.3031 9.2621 9.2211 9.1801 9.1392 9.0982 9.0624 9.0333 9.0045 8.9759 8.9475 8.9201 8.8964 8.873 8.8503 8.8345 8.8188
14.822 14.712 14.602 14.487 14.328 14.186 14.044 13.902 13.759 13.617 13.474 13.331 13.188 13.044 12.884 12.722 12.559 12.411 12.282 12.154 12.025 11.903 11.78 11.658 11.536 11.414 11.292 11.171 11.059 10.947 10.836 10.742 10.66 10.585 10.51 10.434 10.359 10.283 10.208 10.132 10.056 9.9878 9.9281 9.8683 9.8085 9.7486 9.6886 9.636 9.5925 9.5488 9.5054 9.4618 9.4181 9.3743 9.3304 9.287 9.2429 9.1988 9.1547 9.1106 9.0665 9.0228 8.9792 8.9361 8.8932 8.8503 8.8102 8.7814 8.753 8.7263 8.704 8.6818
14.377 14.278 14.18 14.081 13.942 13.8 13.657 13.514 13.372 13.229 13.085 12.942 12.799 12.668 12.525 12.396 12.267 12.14 12.018 11.896 11.774 11.652 11.53 11.408 11.289 11.178 11.066 10.954 10.869 10.787 10.705 10.623 10.541 10.463 10.388 10.313 10.237 10.164 10.096 10.028 9.9595 9.902 9.859 9.8158 9.7723 9.7288 9.6852 9.6415 9.5975 9.5534 9.5095 9.4651 9.4207 9.3763 9.3317 9.2869 9.2424 9.1979 9.1534 9.1089 9.0644 9.02 8.9756 8.9316 8.8876 8.8438 8.8005 8.7573 8.7143 8.6714 8.6279 8.5844
13.985 13.886 13.786 13.687 13.556 13.413 13.27 13.127 12.984 12.857 12.734 12.61 12.486 12.37 12.256 12.134 12.012 11.889 11.767 11.645 11.523 11.408 11.296 11.184 11.079 10.997 10.915 10.832 10.75 10.668 10.586 10.504 10.422 10.344 10.277 10.209 10.141 10.082 10.039 9.9963 9.9533 9.9101 9.8666 9.823 9.7791 9.7352 9.6912 9.647 9.6026 9.5581 9.5136 9.4686 9.4235 9.3783 9.333 9.2868 9.2418 9.1969 9.152 9.1071 9.0623 9.0171 8.9718 8.9268 8.8818 8.8372 8.7928 8.7487 8.7048 8.6615 8.6182 8.5748
13.593 13.493 13.393 13.294 13.17 13.047 12.923 12.799 12.676 12.562 12.45 12.339 12.227 12.116 12.004 11.883 11.761 11.638 11.526 11.415 11.303 11.206 11.124 11.042 10.96 10.878 10.796 10.714 10.632 10.549 10.467 10.389 10.333 10.261 10.219 10.177 10.135 10.092 10.049 10.006 9.9621 9.9183 9.8744 9.8304 9.7861 9.7417 9.6972 9.6554 9.6219 9.5883 9.5535 9.5135 9.4732 9.433 9.3926 9.3465 9.299 9.2514 9.2039 9.1564 9.1089 9.0565 9.0013 8.9462 8.8912 8.8366 8.7849 8.7398 8.695 8.6518 8.6085 8.5653
13.235 13.146 13.057 12.968 12.865 12.754 12.642 12.53 12.419 12.307 12.196 12.084 11.973 11.862 11.752 11.645 11.533 11.421 11.334 11.252 11.17 11.088 11.005 10.923 10.841 10.759 10.677 10.595 10.525 10.469 10.414 10.359 10.316 10.274 10.231 10.189 10.146 10.103 10.059 10.015 9.9712 9.9308 9.8999 9.8667 9.8334 9.7999 9.7662 9.7341 9.7097 9.685 9.6593 9.6236 9.5875 9.5515 9.5153 9.4693 9.4193 9.3693 9.3193 9.2694 9.2194 9.16 9.0964 9.0327 8.9693 8.9062 8.8457 8.7906 8.7354 8.6781 8.6208 8.5632
12.946 12.864 12.782 12.699 12.611 12.499 12.388 12.276 12.165 12.054 11.944 11.834 11.724 11.633 11.551 11.462 11.379 11.297 11.215 11.133 11.051 10.969 10.886 10.804 10.722 10.661 10.605 10.55 10.499 10.456 10.414 10.372 10.329 10.287 10.244 10.201 10.157 10.118 10.091 10.065 10.038 10.013 9.9947 9.9707 9.9464 9.9219 9.8972 9.8723 9.8472 9.8219 9.7963 9.76 9.7234 9.6868 9.6499 9.6025 9.5519 9.5013 9.4508 9.4002 9.3498 9.2889 9.2244 9.1598 9.0956 9.0317 8.9679 8.9044 8.8388 8.7697 8.7004 8.631
12.688 12.605 12.523 12.44 12.356 12.246 12.136 12.026 11.916 11.826 11.743 11.661 11.578 11.499 11.42 11.343 11.26 11.178 11.096 11.014 10.932 10.852 10.797 10.741 10.686 10.639 10.597 10.554 10.512 10.469 10.427 10.385 10.345 10.306 10.279 10.253 10.227 10.204 10.192 10.179 10.167 10.153 10.137 10.112 10.087 10.062 10.036 10.011 9.9849 9.9588 9.9326 9.8967 9.8594 9.8221 9.7845 9.7356 9.6844 9.6333 9.5823 9.5311 9.4801 9.4177 9.3522 9.2867 9.2218 9.1569 9.0923 9.0279 8.961 8.8923 8.8233 8.7543
12.432 12.35 12.268 12.186 12.104 12.019 11.936 11.853 11.77 11.69 11.612 11.534 11.456 11.378 11.3 11.222 11.141 11.059 10.988 10.933 10.878 10.822 10.779 10.737 10.694 10.652 10.61 10.567 10.525 10.486 10.448 10.409 10.388 10.385 10.382 10.372 10.36 10.348 10.335 10.322 10.308 10.294 10.279 10.253 10.228 10.202 10.176 10.149 10.14 10.13 10.12 10.095 10.066 10.037 10.009 9.9613 9.9056 9.8499 9.7943 9.7386 9.6831 9.6074 9.5278 9.4484 9.3692 9.2902 9.2163 9.151 9.0833 9.0149 8.9464 8.8778
12.223 12.156 12.09 12.023 11.957 11.882 11.804 11.725 11.647 11.569 11.49 11.412 11.334 11.262 11.192 11.122 11.069 11.014 10.962 10.919 10.877 10.835 10.792 10.75 10.707 10.666 10.628 10.589 10.551 10.542 10.539 10.536 10.533 10.53 10.527 10.519 10.506 10.493 10.48 10.465 10.451 10.436 10.447 10.439 10.43 10.42 10.41 10.4 10.392 10.385 10.377 10.355 10.328 10.3 10.272 10.224 10.167 10.11 10.053 9.9954 9.9384 9.8587 9.776 9.6935 9.6112 9.5292 9.4481 9.3679 9.2788 9.1894 9.0998 9.0098
12.087 12.023 11.959 11.895 11.83 11.759 11.681 11.603 11.525 11.451 11.381 11.311 11.241 11.188 11.145 11.102 11.06 11.017 10.975 10.933 10.89 10.848 10.808 10.769 10.731 10.698 10.695 10.692 10.689 10.687 10.684 10.681 10.678 10.675 10.672 10.666 10.652 10.642 10.655 10.667 10.678 10.689 10.703 10.702 10.695 10.688 10.68 10.672 10.663 10.654 10.645 10.625 10.597 10.568 10.54 10.49 10.432 10.374 10.317 10.259 10.201 10.119 10.036 9.9527 9.8698 9.787 9.7043 9.6189 9.5265 9.4339 9.3409 9.2477
11.961 11.897 11.833 11.769 11.705 11.641 11.57 11.5 11.43 11.374 11.33 11.287 11.243 11.2 11.158 11.115 11.073 11.03 10.988 10.949 10.911 10.872 10.851 10.849 10.846 10.843 10.84 10.837 10.834 10.831 10.829 10.826 10.823 10.841 10.858 10.875 10.889 10.902 10.918 10.934 10.948 10.963 10.977 10.978 10.97 10.961 10.953 10.943 10.937 10.93 10.924 10.907 10.88 10.853 10.826 10.776 10.716 10.657 10.597 10.537 10.478 10.392 10.305 10.219 10.132 10.046 9.9612 9.8735 9.7818 9.6898 9.5974 9.5049
11.847 11.787 11.728 11.668 11.609 11.56 11.516 11.472 11.428 11.384 11.341 11.298 11.255 11.212 11.17 11.128 11.086 11.053 11.014 11.005 11.002 10.999 10.997 10.994 10.991 10.988 10.985 10.982 10.979 10.984 11.001 11.019 11.036 11.07 11.107 11.143 11.166 11.182 11.197 11.211 11.225 11.238 11.255 11.264 11.258 11.252 11.245 11.238 11.243 11.251 11.258 11.255 11.237 11.218 11.2 11.152 11.087 11.023 10.958 10.893 10.827 10.729 10.63 10.531 10.433 10.335 10.24 10.147 10.052 9.9561 9.8601 9.7638
11.787 11.743 11.699 11.655 11.612 11.568 11.524 11.48 11.437 11.394 11.351 11.308 11.266 11.234 11.211 11.188 11.166 11.156 11.153 11.15 11.148 11.145 11.142 11.139 11.136 11.133 11.145 11.162 11.18 11.202 11.238 11.274 11.311 11.347 11.383 11.419 11.448 11.463 11.482 11.501 11.519 11.536 11.571 11.606 11.615 11.622 11.63 11.637 11.644 11.651 11.657 11.656 11.638 11.619 11.6 11.551 11.485 11.419 11.354 11.288 11.219 11.12 11.02 10.921 10.822 10.723 10.624 10.51 10.396 10.282 10.167 10.052
11.794 11.75 11.706 11.663 11.619 11.576 11.532 11.489 11.446 11.411 11.387 11.363 11.34 11.326 11.319 11.313 11.307 11.302 11.299 11.296 11.293 11.29 11.288 11.306 11.324 11.341 11.369 11.406 11.442 11.478 11.515 11.551 11.587 11.624 11.661 11.698 11.75 11.771 11.814 11.856 11.896 11.936 11.976 12.015 12.023 12.03 12.036 12.043 12.048 12.054 12.059 12.059 12.04 12.021 12.001 11.951 11.884 11.817 11.751 11.684 11.612 11.512 11.413 11.313 11.213 11.113 11.011 10.897 10.784 10.67 10.555 10.44
11.801 11.757 11.713 11.67 11.627 11.59 11.563 11.539 11.515 11.497 11.489 11.482 11.476 11.47 11.464 11.458 11.453 11.448 11.444 11.449 11.467 11.485 11.502 11.537 11.574 11.61 11.646 11.683 11.719 11.756 11.793 11.83 11.867 11.919 11.991 12.063 12.134 12.185 12.227 12.267 12.307 12.346 12.384 12.421 12.433 12.439 12.444 12.449 12.458 12.471 12.483 12.492 12.478 12.463 12.449 12.399 12.329 12.258 12.188 12.118 12.04 11.934 11.828 11.721 11.615 11.509 11.398 11.286 11.173 11.06 10.946 10.833
11.83 11.798 11.765 11.733 11.702 11.676 11.66 11.652 11.645 11.638 11.631 11.625 11.619 11.613 11.607 11.602 11.598 11.615 11.646 11.668 11.705 11.741 11.778 11.814 11.851 11.887 11.924 11.961 11.999 12.036 12.1 12.172 12.244 12.317 12.392 12.467 12.542 12.602 12.642 12.681 12.719 12.756 12.801 12.85 12.877 12.89 12.902 12.914 12.93 12.951 12.971 12.99 12.982 12.974 12.965 12.917 12.843 12.768 12.693 12.619 12.534 12.421 12.307 12.194 12.081 11.967 11.844 11.722 11.599 11.476 11.353 11.229
