RiverBedGeometry/fakeriver.asc
ncols    331
nrows    48
xllcorner    0.850000
yllcorner    47.749953
cellsize    0.300000
NODATA_value    -9999
[rows 0 to 31 of 48, columns 216 to 287 of 331]
-9999 -9999 -9999 -9999 -9999 -9999 -9999 -9999 -9999 -9999 -9999 -9999 -9999 -9999 -9999 -9999 -9999 -9999 -9999 -9999 -9999 -9999 -9999 -9999 -9999 -9999 -9999 -9999 -9999 -9999 -9999 -9999 -9999 -9999 -9999 -9999 -9999 -9999 -9999 -9999 -9999 -9999 -9999 -9999 -9999 -9999 -9999 -9999 -9999 -9999 -9999 -9999 -9999 -9999 -9999 -9999 -9999 -9999 -9999 -9999 -9999 -9999 -9999 -9999 -9999 -9999 -9999 -9999 -9999 -9999 -9999 -9999
-9999 -9999 -9999 -9999 -9999 -9999 -9999 -9999 -9999 -9999 -9999 -9999 -9999 -9999 -9999 -9999 -9999 -9999 -9999 -9999 -9999 -9999 -9999 -9999 -9999 -9999 -9999 -9999 -9999 -9999 -9999 -9999 -9999 -9999 8.4818 8.3572 8.2327 8.1083 8.0272 7.9727 7.9183 7.8638 7.8091 7.7545 7.6999 7.6839 7.6679 7.6518 7.6358 7.6198 7.6038 7.6165 7.6748 7.7335 7.7926 -9999 -9999 -9999 -9999 -9999 -9999 -9999 -9999 -9999 -9999 -9999 -9999 -9999 -9999 -9999 -9999 -9999
-9999 -9999 -9999 -9999 -9999 -9999 -9999 -9999 -9999 -9999 -9999 -9999 -9999 -9999 -9999 -9999 -9999 -9999 -9999 -9999 -9999 -9999 -9999 -9999 -9999 -9999 -9999 -9999 8.7053 8.5805 8.4558 8.3311 8.2065 8.082 7.9576 7.8333 7.709 7.5849 7.4983 7.4431 7.3879 7.3327 7.2773 7.2219 7.1666 7.1505 7.1344 7.1183 7.1022 7.0861 7.0701 7.088 7.1453 7.203 7.261 7.3196 7.3785 7.4378 7.4969 7.557 7.6174 -9999 -9999 -9999 -9999 -9999 -9999 -9999 -9999 -9999 -9999 -9999
-9999 -9999 -9999 -9999 -9999 -9999 -9999 -9999 -9999 -9999 -9999 -9999 -9999 -9999 -9999 -9999 -9999 -9999 -9999 -9999 -9999 -9999 -9999 -9999 8.8535 8.6787 8.504 8.3294 8.1796 8.0551 7.9306 7.8062 7.6818 7.5575 7.4334 7.3093 7.1853 7.0613 6.9695 6.9136 6.8576 6.8016 6.7454 6.6894 6.6332 6.6171 6.6009 6.5848 6.5686 6.5525 6.5363 6.5593 6.6156 6.6722 6.7291 6.7866 6.8445 6.9023 6.961 7.02 7.0794 7.139 7.2044 7.2787 7.3548 -9999 -9999 -9999 -9999 -9999 -9999 -9999
-9999 -9999 -9999 -9999 -9999 -9999 -9999 -9999 -9999 -9999 -9999 -9999 -9999 -9999 -9999 -9999 -9999 -9999 -9999 -9999 9.0348 8.8597 8.6848 8.5099 8.3352 8.1606 7.9861 7.8118 7.6539 7.5296 7.4054 7.2812 7.1571 7.033 6.9128 6.7955 6.6783 6.5611 6.4687 6.4134 6.3582 6.3028 6.2473 6.1919 6.1365 6.1186 6.1007 6.0828 6.0649 6.0471 6.0292 6.0521 6.1004 6.149 6.1979 6.2534 6.3102 6.367 6.4246 6.4826 6.5409 6.5995 6.6674 6.7409 6.8252 6.9423 7.0598 7.1778 -9999 -9999 -9999 -9999
-9999 -9999 -9999 -9999 -9999 -9999 -9999 -9999 -9999 -9999 -9999 -9999 -9999 -9999 -9999 -9999 -9999 9.076 8.8756 8.6904 8.5154 8.3406 8.1658 7.9912 7.8167 7.6424 7.4681 7.294 7.1332 7.0157 6.8983 6.7809 6.6636 6.5463 6.4364 6.3339 6.2315 6.129 6.0429 5.9903 5.9375 5.8847 5.8318 5.779 5.7261 5.7044 5.6827 5.6609 5.6392 5.6175 5.5958 5.611 5.6425 5.6744 5.7065 5.754 5.8027 5.8517 5.9012 5.9511 6.002 6.0595 6.13 6.2029 6.2952 6.4115 6.5283 6.6454 6.7631 6.8815 7.0003 7.1194
-9999 -9999 -9999 -9999 -9999 -9999 -9999 -9999 -9999 -9999 -9999 -9999 -9999 9.3654 9.1648 8.9643 8.7639 8.5635 8.3632 8.1707 7.9959 7.8213 7.6468 7.4724 7.3017 7.1382 6.9749 6.8116 6.6592 6.5565 6.454 6.3515 6.249 6.1466 6.0442 5.9418 5.8394 5.7371 5.6472 5.5939 5.5404 5.4868 5.4332 5.3797 5.3261 5.3042 5.2823 5.2604 5.2385 5.2166 5.1948 5.2132 5.2437 5.2745 5.3057 5.3373 5.3692 5.4014 5.434 5.467 5.5022 5.553 5.6156 5.6784 5.7679 5.8803 5.9962 6.1127 6.2295 6.347 6.465 6.5834
-9999 -9999 -9999 -9999 -9999 -9999 -9999 -9999 -9999 -9999 9.4542 9.2536 9.053 8.8524 8.652 8.4516 8.2513 8.051 7.8508 7.6509 7.4778 7.314 7.1505 6.987 6.8301 6.6907 6.5513 6.4119 6.2725 6.1638 6.0614 5.959 5.8566 5.7542 5.6519 5.5496 5.4474 5.3452 5.2516 5.1976 5.1434 5.089 5.0347 4.9804 4.9261 4.904 4.882 4.8599 4.8378 4.8158 4.7938 4.8152 4.8446 4.8744 4.9046 4.9353 4.966 4.9972 5.0288 5.0609 5.0933 5.1287 5.1694 5.2103 5.2814 5.3794 5.4829 5.5868 5.6955 5.8121 5.9293 6.047
-9999 -9999 -9999 -9999 -9999 -9999 -9999 9.5429 9.3422 9.1415 8.9409 8.7404 8.5399 8.3395 8.1391 7.9388 7.7386 7.5424 7.3588 7.1753 7.0011 6.8615 6.722 6.5826 6.4431 6.3037 6.1644 6.0251 5.8858 5.771 5.6687 5.5664 5.4641 5.3619 5.2632 5.1737 5.0843 4.9948 4.9094 4.8577 4.8059 4.7539 4.702 4.6501 4.5982 4.5724 4.5466 4.5208 4.495 4.4693 4.4436 4.4552 4.4701 4.4854 4.5033 4.5329 4.5625 4.5926 4.6233 4.6544 4.6857 4.7224 4.7628 4.806 4.8809 4.9563 5.0321 5.1083 5.1963 5.3006 5.4052 5.5104
-9999 -9999 -9999 9.8325 9.6316 9.4308 9.23 9.0293 8.8287 8.6281 8.4276 8.2272 8.0268 7.8264 7.6356 7.452 7.2684 7.0865 6.926 6.7654 6.6137 6.4742 6.3348 6.1954 6.056 5.9167 5.7775 5.6382 5.5036 5.3996 5.3101 5.2207 5.1312 5.0418 4.954 4.8724 4.7908 4.7092 4.6286 4.5782 4.5278 4.477 4.4264 4.3758 4.3251 4.2969 4.2686 4.2403 4.212 4.1838 4.1557 4.1608 4.1662 4.1719 4.1799 4.195 4.21 4.2257 4.2419 4.2583 4.2777 4.316 4.356 4.406 4.4801 4.5548 4.6299 4.7054 4.7813 4.8578 4.9347 5.0123
9.9212 9.7203 9.5193 9.3185 9.1177 8.9169 8.7163 8.5157 8.3151 8.1146 7.9142 7.7287 7.545 7.3613 7.187 7.0263 6.8657 6.7051 6.5446 6.3841 6.2263 6.0869 5.9475 5.8082 5.6713 5.5529 5.4344 5.316 5.1994 5.1018 5.0203 4.9387 4.8571 4.7755 4.6939 4.6123 4.5307 4.449 4.3673 4.315 4.2639 4.2125 4.1611 4.1098 4.0585 4.0299 4.0013 3.9727 3.9441 3.9156 3.8898 3.8939 3.8983 3.903 3.9081 3.9136 3.9191 3.9252 3.9317 3.9384 3.9477 3.9694 3.9914 4.0275 4.0789 4.1529 4.2273 4.3021 4.3773 4.453 4.5292 4.6058
9.4069 9.206 9.0051 8.8044 8.6037 8.403 8.2025 8.0056 7.8218 7.638 7.4542 7.2873 7.1266 6.9659 6.8053 6.6447 6.4842 6.3237 6.1632 6.0028 5.8424 5.7205 5.6022 5.4838 5.3661 5.2607 5.1551 5.0495 4.9438 4.8421 4.7605 4.6789 4.5973 4.5156 4.434 4.3533 4.2725 4.1917 4.111 4.0561 4.0045 3.9527 3.9009 3.8491 3.7973 3.7681 3.7389 3.7097 3.6805 3.6514 3.6273 3.6294 3.6318 3.6345 3.638 3.6424 3.6471 3.6522 3.6576 3.6633 3.6708 3.6811 3.6913 3.7189 3.7554 3.8057 3.8565 3.9078 3.9729 4.0479 4.1233 4.1992
8.8924 8.6916 8.4909 8.2902 8.0987 7.9148 7.7309 7.5485 7.3877 7.2269 7.0661 6.9054 6.7448 6.5842 6.4236 6.2631 6.1026 5.9422 5.8007 5.6733 5.546 5.4275 5.3221 5.2166 5.1111 5.0055 4.8998 4.7941 4.6883 4.584 4.5033 4.4226 4.3418 4.2611 4.1804 4.1162 4.0518 3.9875 3.923 3.8722 3.8244 3.7765 3.7285 3.6806 3.6326 3.598 3.5634 3.5288 3.4941 3.4597 3.4295 3.4131 3.3969 3.381 3.3731 3.3755 3.3782 3.3813 3.3847 3.3887 3.396 3.4062 3.4165 3.4485 3.4828 3.5175 3.5526 3.588 3.6336 3.6851 3.7369 3.7922
8.3779 8.1917 8.0077 7.8238 7.6488 7.4879 7.3271 7.1663 7.0055 6.8448 6.6841 6.5235 6.3629 6.2024 6.0419 5.9115 5.7841 5.6568 5.532 5.411 5.29 5.1728 5.0673 4.9617 4.8561 4.7519 4.6476 4.5434 4.4391 4.3598 4.2935 4.2293 4.165 4.1007 4.0363 3.9742 3.9121 3.85 3.7878 3.7363 3.6886 3.6407 3.5928 3.5449 3.497 3.4612 3.4253 3.3895 3.3536 3.3179 3.2872 3.2671 3.2472 3.2276 3.2097 3.1935 3.1775 3.162 3.1469 3.1321 3.1264 3.1354 3.1473 3.179 3.2116 3.2458 3.2802 3.315 3.3502 3.3858 3.4217 3.4606
7.9166 7.7491 7.5882 7.4273 7.2664 7.1056 6.9448 6.784 6.6233 6.4627 6.3021 6.1498 6.0223 5.8949 5.7675 5.6448 5.5238 5.4028 5.2818 5.1609 5.0399 4.919 4.8157 4.7116 4.6074 4.5283 4.4513 4.3741 4.2967 4.2226 4.1569 4.0949 4.0329 3.9708 3.9087 3.8464 3.7841 3.7217 3.6593 3.6063 3.5579 3.5094 3.4608 3.4122 3.3637 3.3274 3.291 3.2548 3.2185 3.1823 3.1521 3.1311 3.1103 3.0897 3.0696 3.0497 3.03 3.0108 2.9919 2.9733 2.9572 2.9431 2.934 2.9346 2.945 2.977 3.0094 3.042 3.0762 3.1112 3.1465 3.1822
7.5274 7.3665 7.2056 7.0447 6.8839 6.7232 6.5624 6.4018 6.2606 6.1331 6.0056 5.8787 5.7576 5.6366 5.5155 5.3945 5.2735 5.1526 5.0324 4.9216 4.8109 4.7002 4.6203 4.5434 4.4663 4.3927 4.3194 4.2459 4.1723 4.0984 4.0304 3.9682 3.9059 3.8436 3.7812 3.7224 3.6643 3.6061 3.5479 3.496 3.4482 3.4004 3.3525 3.3046 3.2567 3.2183 3.1799 3.1416 3.1033 3.0651 3.0324 3.0057 2.9794 2.9534 2.9306 2.9097 2.8893 2.8692 2.8492 2.8304 2.8129 2.7953 2.7845 2.7795 2.7767 2.7775 2.7786 2.78 2.8061 2.8389 2.8722 2.9061
7.1446 6.9837 6.8229 6.6621 6.5014 6.3713 6.2438 6.1163 5.9915 5.8704 5.7493 5.6282 5.5072 5.3862 5.2652 5.1485 5.0377 4.9269 4.8162 4.7318 4.6501 4.5685 4.49 4.4169 4.3436 4.2701 4.1964 4.1226 4.0486 3.9797 3.9158 3.8579 3.7998 3.7417 3.6836 3.6363 3.5927 3.549 3.5051 3.4614 3.4175 3.3736 3.3297 3.2857 3.2417 3.1978 3.1538 3.1099 3.066 3.0221 2.9787 2.9353 2.8921 2.8492 2.8174 2.791 2.7651 2.7394 2.7141 2.6903 2.6704 2.653 2.6445 2.639 2.6339 2.629 2.6244 2.6201 2.6205 2.6222 2.6241 2.6343
6.7618 6.6097 6.4821 6.3545 6.227 6.1043 5.9832 5.862 5.7409 5.6198 5.4988 5.3778 5.2646 5.1537 5.0429 4.9396 4.858 4.7763 4.6946 4.613 4.5313 4.4497 4.3686 4.2952 4.2215 4.1537 4.0871 4.0203 3.9534 3.9023 3.8593 3.816 3.7723 3.7287 3.685 3.6411 3.5971 3.5529 3.5086 3.4644 3.4199 3.3754 3.3309 3.2863 3.2417 3.1971 3.1525 3.1079 3.0634 3.0189 2.9747 2.9305 2.8865 2.8428 2.7993 2.7562 2.7132 2.6705 2.6282 2.5847 2.5528 2.5299 2.5157 2.5021 2.4927 2.4874 2.4824 2.4775 2.4731 2.4689 2.4649 2.4628
6.4652 6.3383 6.2171 6.0959 5.9747 5.8536 5.7325 5.6114 5.4915 5.3806 5.2698 5.1589 5.0658 4.9841 4.9025 4.8208 4.7391 4.6575 4.5758 4.4942 4.4125 4.3309 4.2506 4.1954 4.1289 4.0814 4.039 3.9963 3.9534 3.9101 3.8664 3.8227 3.7786 3.7346 3.6904 3.646 3.6016 3.5569 3.5121 3.4674 3.4223 3.3772 3.3321 3.2869 3.2417 3.1965 3.1512 3.106 3.0608 3.0157 2.9707 2.9257 2.8809 2.8363 2.7921 2.748 2.7042 2.6608 2.6176 2.5742 2.5306 2.487 2.444 2.4011 2.3746 2.3612 2.3481 2.3353 2.3297 2.325 2.3206 2.3165
6.2086 6.0874 5.9662 5.8451 5.7239 5.6075 5.4966 5.3858 5.2749 5.192 5.1103 5.0286 4.9469 4.8653 4.7836 4.7019 4.6203 4.5386 4.457 4.3862 4.3311 4.276 4.2209 4.1771 4.1347 4.0922 4.0491 4.0057 3.9621 3.9181 3.8738 3.8295 3.7851 3.7405 3.6959 3.6567 3.6217 3.5867 3.5514 3.5141 3.4718 3.4295 3.3871 3.3447 3.3024 3.2526 3.2027 3.153 3.1033 3.0538 2.999 2.9429 2.8869 2.8312 2.7845 2.7396 2.695 2.6507 2.6072 2.5642 2.5211 2.4777 2.4342 2.3909 2.3479 2.3051 2.2625 2.2202 2.2059 2.1931 2.181 2.1715
5.9559 5.8365 5.7236 5.6126 5.5017 5.3998 5.3181 5.2364 5.1547 5.0731 4.9914 4.9097 4.8281 4.7464 4.6647 4.5831 4.5219 4.4668 4.4117 4.3596 4.3171 4.2745 4.232 4.1894 4.1464 4.1031 4.0595 4.0154 3.9711 3.9344 3.9061 3.8736 3.8387 3.8037 3.7685 3.7374 3.7104 3.6832 3.6559 3.6256 3.5858 3.5458 3.5059 3.4659 3.4259 3.3721 3.3182 3.2644 3.2105 3.157 3.0926 3.0264 2.9603 2.8944 2.837 2.7809 2.7253 2.6697 2.6145 2.5586 2.5118 2.4683 2.4245 2.3809 2.3375 2.2943 2.2512 2.2083 2.1659 2.1235 2.0815 2.0499
5.7083 5.6177 5.526 5.4443 5.3626 5.2809 5.1992 5.1175 5.0358 4.9542 4.8725 4.7908 4.7126 4.6575 4.6024 4.5473 4.4999 4.4573 4.4148 4.3723 4.3297 4.2871 4.2445 4.204 4.1584 4.1265 4.0992 4.071 4.0428 4.02 4.0049 3.9842 3.9572 3.93 3.9027 3.8752 3.8475 3.8196 3.7916 3.7615 3.7212 3.6807 3.6403 3.5998 3.5593 3.5045 3.4498 3.3952 3.3404 3.2861 3.22 3.1531 3.0863 3.0198 2.9534 2.8874 2.8214 2.7557 2.6885 2.6205 2.5613 2.5001 2.4378 2.3757 2.327 2.2834 2.2401 2.1968 2.1539 2.1111 2.0685 2.0262
5.5683 5.4887 5.407 5.3253 5.2436 5.1619 5.0803 4.9986 4.9169 4.8482 4.7931 4.7381 4.683 4.6401 4.5976 4.5551 4.5126 4.47 4.4275 4.3849 4.3458 4.307 4.2683 4.2427 4.2378 4.22 4.206 4.1913 4.1764 4.161 4.1449 4.125 4.0973 4.0695 4.0415 4.0132 3.9848 3.9562 3.9274 3.8975 3.8567 3.8157 3.7747 3.7336 3.6926 3.637 3.5813 3.5258 3.4702 3.4149 3.3472 3.2796 3.2121 3.145 3.078 3.0112 2.9446 2.8783 2.8112 2.7439 2.6762 2.5959 2.5157 2.4356 2.3693 2.3074 2.2456 2.1852 2.1418 2.0987 2.0558 2.0131
5.4475 5.3693 5.288 5.2063 5.1247 5.043 4.9839 4.9288 4.8737 4.8229 4.7804 4.7379 4.6954 4.6529 4.6104 4.5679 4.5264 4.4877 4.4489 4.4101 4.3977 4.394 4.3904 4.3867 4.3799 4.3654 4.3504 4.3348 4.3188 4.3023 4.2852 4.266 4.2377 4.2091 4.1803 4.1564 4.1422 4.1279 4.1134 4.0984 4.0629 4.0271 3.9914 3.9556 3.9198 3.8568 3.7937 3.731 3.6679 3.6038 3.52 3.4362 3.3528 3.27 3.2023 3.1347 3.0675 3.0008 2.9345 2.8677 2.7978 2.7174 2.637 2.5567 2.4765 2.3964 2.3164 2.2379 2.1762 2.1149 2.0539 1.9999
5.327 5.2559 5.1745 5.1195 5.0645 5.0094 4.9631 4.9207 4.8782 4.8357 4.7933 4.7508 4.7082 4.6682 4.6295 4.5908 4.5563 4.5527 4.5491 4.5455 4.5418 4.5381 4.5344 4.5307 4.5269 4.5114 4.4955 4.4788 4.4617 4.4509 4.458 4.4645 4.4506 4.4364 4.4217 4.4078 4.3954 4.3828 4.37 4.357 4.3235 4.2883 4.2533 4.2181 4.183 4.1176 4.0522 3.9871 3.9217 3.8532 3.7657 3.6782 3.591 3.504 3.4202 3.3367 3.2534 3.169 3.0828 2.9965 2.9194 2.8388 2.7582 2.6778 2.5974 2.5172 2.437 2.3569 2.2769 2.197 2.1172 2.0447
5.2361 5.1888 5.1458 5.1034 5.061 5.0185 4.9761 4.9336 4.8911 4.8487 4.81 4.7713 4.7326 4.7113 4.7078 4.7042 4.7006 4.697 4.6934 4.6897 4.686 4.6823 4.6785 4.6747 4.6885 4.6757 4.6841 4.692 4.6988 4.7062 4.7164 4.726 4.7174 4.705 4.6922 4.6791 4.6658 4.6521 4.6383 4.6243 4.5919 4.5563 4.5208 4.4852 4.4497 4.3831 4.3165 4.2503 4.1838 4.1126 4.0245 3.9367 3.8489 3.7614 3.6739 3.5865 3.4993 3.4103 3.3202 3.2298 3.1279 3.0189 2.91 2.8013 2.7182 2.6378 2.5575 2.4772 2.3971 2.317 2.2371 2.1572
5.2444 5.2014 5.1589 5.1164 5.074 5.0315 4.9906 4.9519 4.9132 4.8745 4.8663 4.8629 4.8594 4.8558 4.8523 4.8487 4.8451 4.8414 4.8377 4.834 4.8354 4.8517 4.868 4.8843 4.9137 4.9394 4.951 4.9619 4.9721 4.9815 4.9901 4.9981 4.992 4.9785 4.9648 4.9512 4.9399 4.9283 4.9163 4.9043 4.8745 4.8398 4.8052 4.7704 4.7357 4.6663 4.5969 4.528 4.4589 4.3831 4.2915 4.2003 4.1092 4.0187 3.9308 3.8429 3.7553 3.6664 3.5772 3.4876 3.3757 3.2599 3.1441 3.0282 2.919 2.8103 2.7018 2.5975 2.5171 2.4369 2.3568 2.2765
5.2563 5.2139 5.1717 5.1324 5.0938 5.0551 5.0248 5.0214 5.018 5.0145 5.0111 5.0076 5.004 5.0004 4.9968 4.9932 4.9895 4.9986 5.015 5.0314 5.0494 5.0845 5.1194 5.1544 5.1892 5.2213 5.2316 5.2409 5.2496 5.2582 5.2705 5.2819 5.282 5.2704 5.2586 5.2482 5.2493 5.2502 5.2505 5.2507 5.23 5.2009 5.1718 5.1426 5.1135 5.0363 4.959 4.8822 4.8052 4.7172 4.6114 4.5057 4.4001 4.2963 4.2048 4.1136 4.0226 3.9309 3.8389 3.7449 3.6285 3.5127 3.3969 3.2811 3.1652 3.0494 2.9335 2.8188 2.7103 2.602 2.4938 2.4093
5.268 5.2408 5.218 5.1799 5.1765 5.1732 5.1698 5.1663 5.1629 5.1594 5.1558 5.1523 5.1487 5.1454 5.1619 5.1784 5.1948 5.2201 5.2552 5.2903 5.3253 5.3602 5.3951 5.43 5.4652 5.501 5.5217 5.5349 5.5469 5.5611 5.5945 5.6272 5.6489 5.6496 5.6501 5.6503 5.6505 5.6504 5.6498 5.649 5.63 5.6008 5.5715 5.5422 5.5129 5.434 5.3552 5.2766 5.198 5.1065 5.0001 4.8937 4.7874 4.6812 4.5754 4.4697 4.3619 4.2511 4.1399 4.0182 3.8956 3.7749 3.6543 3.534 3.4182 3.3023 3.1865 3.0706 2.9548 2.8389 2.723 2.6022
5.3468 5.3364 5.3305 5.325 5.3216 5.3182 5.3148 5.3113 5.3078 5.3042 5.3087 5.3253 5.3418 5.3583 5.3909 5.4261 5.4612 5.4963 5.5313 5.5663 5.6012 5.6369 5.6727 5.7085 5.7514 5.8213 5.8688 5.9028 5.9362 5.9686 6.0004 6.0317 6.0571 6.057 6.0565 6.0557 6.0545 6.0531 6.0513 6.049 6.0313 6.0018 5.9722 5.9425 5.9129 5.8325 5.7522 5.6721 5.5919 5.4976 5.391 5.2844 5.1779 5.0714 4.965 4.8586 4.7496 4.639 4.528 4.3982 4.2495 4.1006 3.9517 3.8044 3.6838 3.5634 3.4431 3.3236 3.2078 3.0919 2.9754 2.8532
5.4864 5.4807 5.4753 5.4705 5.4668 5.4633 5.4598 5.4721 5.4887 5.5053 5.5264 5.5617 5.597 5.6322 5.6673 5.7024 5.7375 5.7726 5.8086 5.8446 5.8805 5.9369 6.0069 6.0769 6.1468 6.2201 6.2844 6.3172 6.3491 6.3799 6.4098 6.4386 6.4668 6.4655 6.4636 6.4614 6.4663 6.4709 6.4752 6.4789 6.4678 6.4416 6.4153 6.3891 6.3628 6.2766 6.1905 6.1046 6.0187 5.9157 5.8018 5.688 5.5743 5.4617 5.3551 5.2485 5.1394 5.0298 4.9198 4.7825 4.6329 4.4832 4.3334 4.1835 4.0346 3.8856 3.7365 3.5925 3.4722 3.352 3.2274 3.1043
5.6297 5.6247 5.62 5.6156 5.6355 5.6522 5.6688 5.6972 5.7326 5.768 5.8032 5.8384 5.8736 5.9087 5.9444 5.9804 6.0165 6.0524 6.1225 6.1926 6.2626 6.3341 6.4075 6.4808 6.554 6.6272 6.7003 6.7341 6.7635 6.7931 6.8338 6.8726 6.9109 6.9211 6.9253 6.929 6.9406 6.9521 6.9633 6.974 6.9708 6.9487 6.9266 6.9044 6.8823 6.7895 6.6969 6.6043 6.5118 6.3985 6.2758 6.1531 6.0303 5.9084 5.7944 5.6797 5.5614 5.4428 5.324 5.1669 5.0176 4.8681 4.7186 4.5688 4.419 4.269 4.1188 3.9688 3.8197 3.6705 3.5214 3.3649
