Cuflood/slope2_500.txt
ncols         53
nrows         97
xllcorner     251948.36111846
yllcorner     1230933.2238156
cellsize      500
NODATA_value  -9999
[rows 0 to 32 of 97, columns 0 to 52 of 53]
3.233263 1.682003 8.461101 5.214305 12.71561 13.57458 3.787053 8.568687 8.666743 3.18824 11.01659 14.94905 21.34543 24.22248 25.3025 16.50083 10.39556 22.21143 20.91913 10.36265 6.571205 5.202819 15.88291 10.20493 4.990265 3.991091 5.722415 4.662533 5.570142 3.576283 4.412699 3.748747 8.797679 5.416788 1.083123 1.184433 2.865732 2.349946 3.73589 3.692164 3.096212 3.774328 3.440769 5.138016 2.318923 2.021257 1.585858 5.034461 2.372947 2.747581 2.349946 4.906762 2.506502
7.449813 5.121685 7.396431 10.46434 2.32931 2.780305 4.386783 4.996261 2.985234 7.224805 10.23782 21.98375 13.87279 20.94802 27.11499 21.01857 4.606904 9.728243 23.97309 16.64325 10.78668 14.39707 13.87319 5.663697 6.88884 6.602781 3.651205 6.386736 4.764273 3.503179 3.835958 3.748747 5.173992 8.306867 3.361111 3.123336 0.7698665 0.8589658 2.410791 2.25559 5.265672 2.814789 5.004642 2.182135 2.7976 1.923273 4.166375 1.776334 0.8589658 1.467096 0.9958792 2.428249 2.440642
27.66748 15.35118 8.801009 5.739078 3.516896 3.966925 3.03131 5.202819 5.173992 9.724653 12.61859 16.76427 25.74237 13.10246 18.7677 11.33188 22.56613 24.43034 23.49913 32.71117 14.99326 14.2605 12.98004 4.553217 14.27259 9.111471 4.893315 9.431458 8.808331 4.893315 6.770661 4.912861 4.07453 11.52604 8.861385 3.295986 1.169021 0.4666273 0.8589658 5.305273 3.690534 6.425734 2.658334 1.253851 4.980657 4.927469 2.563616 2.263604 5.214305 3.96844 1.287155 1.360215 1.829935
13.59068 24.83365 5.784648 1.717546 2.165472 1.897985 2.658334 3.346749 3.277664 15.76396 18.34116 23.49565 20.56417 10.45273 19.68022 11.85288 18.74847 13.80856 16.61209 27.80354 14.68159 8.095177 9.07288 10.70669 11.58897 6.14447 5.804213 1.991157 10.03989 7.322467 4.697121 6.797787 13.52449 11.96217 4.349686 5.383582 4.51618 3.82497 5.061735 3.407365 4.430342 3.895059 2.890865 2.749774 1.531584 2.006264 2.754157 2.168258 1.09974 0.6689977 1.043318 2.198671 0.9331927
19.49139 30.79204 2.508908 8.580326 2.637836 3.123336 9.898907 14.51074 11.96979 11.60476 15.55763 16.13954 10.17307 8.335134 9.28427 17.45346 12.31448 23.51933 8.391366 5.931273 11.60328 9.880689 5.769155 5.84314 3.193903 6.790797 1.446353 2.053857 10.41058 7.341837 3.449505 4.553217 4.150486 5.275885 12.32832 3.690534 2.926098 3.651205 4.82054 5.150811 4.195106 2.642405 1.543375 1.32419 3.053098 2.209626 1.829935 2.511311 0.5499208 0.8006693 1.495652 0.7930808 0.8375805
42.58733 13.12996 9.376863 2.266269 25.85443 16.53911 19.17741 14.49238 25.43628 17.07555 15.61767 11.83021 9.493701 4.893315 12.32002 18.90381 17.83325 15.69868 23.5448 3.75676 11.59983 7.217425 11.39801 12.71561 9.024392 5.700469 15.65265 8.712641 13.23592 8.736835 6.354048 2.433214 17.17443 4.606904 10.76259 3.107866 2.223244 3.123336 3.891971 5.810377 4.156271 3.017362 3.684009 0.9396497 2.646966 1.467096 0.622159 1.360215 2.565968 2.3319 1.682003 3.690534 2.656065
10.56934 3.835958 10.99828 18.53098 11.20909 19.50596 9.372506 13.2423 11.79539 5.341217 11.2984 5.752581 2.537599 20.01401 16.69986 14.49047 14.32276 21.1985 23.71593 8.938374 8.838879 10.32683 8.262138 8.609688 18.05483 15.2755 10.99828 4.666389 6.902606 11.09983 0.5608107 7.731576 9.934648 3.992597 0.3965594 2.027224 3.740717 2.969039 8.532985 4.764273 3.807639 4.185072 2.703328 0.5922799 0.5499208 1.467096 1.759248 1.634639 2.263604 2.646966 2.530457 1.77293 1.585858
12.09345 2.045018 15.24813 15.29024 12.80562 11.84903 7.018479 23.34482 8.497814 4.037497 3.078648 6.66547 8.744884 7.616148 11.39801 16.3317 16.40713 12.6334 4.223638 7.058064 5.834967 10.55018 7.802999 14.6748 5.042778 4.102448 7.869996 4.500212 13.73421 3.992597 9.905949 8.002959 6.651195 3.468647 2.349946 1.319617 1.495652 3.4963 3.303286 4.967414 5.141509 1.882006 2.457887 0.7776816 0.3110887 2.747581 2.433214 2.027224 3.549259 2.901272 1.189526 1.601026 2.263604
6.297604 16.67401 15.46262 12.60646 14.16768 2.33707 17.98852 22.24132 21.33043 16.73436 16.09739 14.10145 12.97221 10.44664 9.992942 16.25183 15.18743 16.66851 6.129911 7.437101 11.2219 13.26141 14.73501 16.79251 3.341347 7.353916 13.24485 9.130701 6.075242 2.985234 6.476437 7.532676 4.062716 5.96735 4.185072 1.244171 1.105224 2.457887 1.043318 2.683175 2.223244 2.074334 0.4534808 0.1555455 0.1099874 0.9069048 1.543375 2.372947 2.428249 5.620307 2.114692 1.678407 1.738522
15.43032 8.360488 15.62747 9.752735 9.170307 1.527634 18.6581 14.33169 11.08998 8.371028 21.24716 6.563965 12.58486 15.53438 15.63867 19.20582 9.823451 12.5121 10.44442 15.26974 12.79148 16.66851 10.55675 8.003695 11.32732 10.79203 5.248607 3.023348 7.133226 2.909571 8.442332 9.515781 2.865732 1.982038 2.836127 3.636345 3.42147 3.537371 3.631378 3.25369 1.706961 0.9069048 0.4534808 0.219974 0.9836618 0.3965594 1.229509 1.574386 1.32419 2.48717 2.530457 1.184433 2.225957
19.30359 8.56252 11.64218 10.87981 2.420783 17.89023 24.59745 7.483073 6.674376 8.704559 25.85867 21.8897 19.56647 13.78099 18.79413 21.59969 27.64013 6.290985 15.99297 12.86948 12.87299 3.75996 3.203319 7.152302 8.176228 12.59341 12.68753 10.77973 11.95263 7.039563 14.72976 10.98729 6.245401 4.386783 1.89161 2.134584 2.440642 3.393201 1.738522 1.475312 1.920131 2.919911 0.4534808 0.3110887 0.3965594 0.5608107 0.6689977 2.091726 3.835958 2.865732 3.919674 3.348548 1.738522
8.787681 7.746068 8.733479 4.626387 1.337813 15.96708 7.579601 15.57978 12.12262 16.69728 5.18785 22.42513 13.86191 9.573786 23.36378 15.08707 22.17149 9.59081 8.986053 11.68143 13.00697 6.535833 3.25369 4.986664 21.11713 10.08545 5.248607 5.081799 4.342781 4.316438 3.047172 7.55383 4.888416 3.598089 2.134584 3.084514 1.328746 3.053098 3.439019 3.637999 2.919911 2.065583 0.3110887 1.865891 2.420783 0.4534808 0.2459381 1.653017 2.903349 3.405597 2.134584 3.4963 1.433763
14.51074 6.572109 15.18163 18.77438 4.099519 14.74665 10.5211 19.6776 4.501545 13.99664 7.941597 10.6108 17.28592 10.70669 3.542471 13.93708 31.36906 5.531402 10.29707 2.956834 17.17443 5.140345 7.217425 15.98105 17.64886 7.936399 7.715525 3.039251 3.449505 3.440769 2.530457 2.25559 3.692164 2.674169 4.505541 4.697121 1.803334 1.762678 4.760498 4.931114 3.163582 2.718899 1.527634 1.32419 1.634639 1.920131 2.134584 2.027224 0.7698665 3.111741 0.5922799 2.400758 1.121514
10.03469 9.984221 9.237601 10.98519 9.105051 5.156616 7.654055 2.747581 9.861257 8.247172 12.15499 14.79307 20.57797 9.259706 8.870635 17.06204 18.29806 8.918044 7.917805 16.16812 11.54441 6.679713 5.592613 4.349686 14.12672 7.852739 9.069011 8.669451 10.61407 1.539455 2.605626 3.17119 3.001342 1.013929 5.413476 3.341347 5.810377 2.201415 2.756345 5.395782 1.738522 1.562829 2.69439 3.094265 3.244421 2.747581 1.253851 1.982038 2.457887 5.663697 0.7930808 1.013929 1.872354
9.224311 13.30884 16.14627 16.59388 7.453781 5.658424 15.37297 13.9551 12.58486 17.72818 8.416541 19.55592 9.417221 9.790241 9.027634 28.30826 11.06922 16.55967 19.69434 17.55939 5.102954 13.3025 8.543987 11.87646 5.305273 14.17829 8.739519 2.646966 4.967414 3.305108 4.847807 1.865891 3.297812 2.814789 3.203319 3.169289 1.433763 1.342323 2.658334 2.640121 2.295378 0.9460626 1.948233 3.753557 2.718899 1.495652 2.506502 1.083123 2.413293 2.989269 2.168258 2.612562 2.511311
5.300763 8.483288 17.94108 7.930454 1.467096 25.34242 8.656585 17.41214 12.5121 1.803334 13.10762 26.13551 19.90306 9.26412 13.33037 24.37302 11.09724 6.278673 6.18312 4.928684 21.55606 7.743782 9.967338 9.203385 10.91418 4.115606 7.064778 4.027065 2.212356 5.047524 3.262931 1.475312 3.384318 3.096212 3.516896 3.384318 3.449505 3.564486 2.045018 3.820251 0.4918672 2.901272 0.3965594 0.4534808 1.869125 0.8866771 3.07669 1.14815 4.143244 4.180765 2.287476 1.649357 0.4918672
2.492018 14.13934 15.4104 10.53483 14.02094 11.40857 17.87482 13.93427 16.12741 9.683267 17.7105 19.37109 10.06241 11.24644 11.49418 16.78353 28.4286 10.91154 11.57957 7.139867 22.95679 17.22796 6.051656 11.72931 6.132826 3.924272 2.876231 4.342781 5.514094 4.525468 2.225957 0.2459381 3.491132 1.710496 2.660602 1.013929 1.77293 3.094265 1.89161 2.901272 1.244171 2.801907 1.253851 0.4918672 0.5499208 0.7930808 2.021257 1.328746 4.390885 3.564486 2.660602 4.832953 1.776334
1.982038 0.4399415 12.39404 7.660225 16.66398 7.676397 22.1786 14.99583 10.53483 11.52007 8.189175 12.13436 24.09395 17.17568 10.22252 13.12824 7.676397 37.24152 7.854992 18.15663 19.49881 5.480402 2.159889 8.795681 10.30606 5.813457 4.424921 5.826782 6.229175 2.747581 0.8866771 1.043318 2.198671 2.225957 1.682003 2.989269 7.32893 3.980537 5.319905 2.718899 1.920131 1.601026 2.360197 1.360215 0.7042284 2.506502 1.013929 2.021257 0.2459381 3.29233 3.262931 3.99711 2.969039
7.297369 11.50614 5.265672 9.992361 8.656585 11.82587 10.94791 8.017672 17.56303 2.470131 13.17451 7.004104 20.47287 13.08049 13.46 17.88786 22.06963 18.25482 13.53485 12.50893 3.42147 3.631378 4.287132 3.740717 10.53099 8.753595 3.966925 3.25369 3.651205 1.377874 1.253851 0.4534808 0.9958792 1.601026 0.9958792 6.061495 2.857305 5.229198 7.764334 1.601026 4.049385 1.77293 0.9069048 0.4666273 1.920131 1.28245 2.850968 3.325089 3.055072 0.7377781 2.018268 2.612562 2.440642
11.82587 11.62841 13.31856 17.7087 10.70507 9.396755 4.80934 8.135085 15.33615 11.80798 7.357938 10.28525 7.51618 14.08879 24.21311 10.25026 30.9426 5.121685 12.34996 12.1414 25.58637 7.311953 6.981209 9.59081 9.108904 4.166375 2.747581 3.148311 3.598089 1.429541 1.09974 2.420783 2.360197 3.75676 1.253851 3.439019 9.875394 10.7583 2.782473 2.225957 2.201415 2.32931 0.7698665 0.6413053 0.8866771 3.549259 1.706961 3.882693 2.683175 0.4918672 5.453075 1.653017 2.850968
23.87029 12.93778 6.693038 3.980537 5.156616 8.262138 15.60821 16.97469 5.891932 9.918845 5.305273 15.65544 6.27488 27.60688 11.61955 7.730049 29.61767 10.13137 10.13137 13.7822 19.8961 8.867332 3.684009 3.047172 6.18312 3.729445 2.420783 2.901272 2.69439 1.738522 1.706961 2.263604 3.169289 4.282929 1.543375 1.920131 1.32419 5.769155 1.543375 2.985234 2.909571 1.083123 1.169021 0.5922799 0.4534808 2.006264 2.718899 1.803334 1.674803 4.860149 3.613108 1.623512 2.756345
5.982317 2.969039 5.282681 6.051656 13.38592 15.57978 9.00362 7.329737 5.05345 6.722256 5.932278 16.87307 12.60286 22.35788 13.35734 16.07204 25.60537 16.97374 16.97469 12.65848 16.7877 8.969755 4.780597 4.412699 2.605626 5.305273 4.240664 3.684009 3.146397 7.045455 9.680861 9.847688 4.990265 0.9897894 2.989269 3.335937 1.89161 2.903349 1.169021 1.209683 3.096212 0.7377781 1.253851 1.820005 3.346749 1.479402 0.6955881 1.77293 2.69439 3.992597 1.966744 1.803334 1.013929
4.839148 6.528553 2.318923 8.303326 12.74229 6.286252 7.264849 7.001564 8.693098 8.502651 11.07337 11.4857 7.510673 10.26834 16.87307 19.72881 10.80324 23.17546 12.97395 11.62841 10.79042 4.237831 6.062478 5.169364 2.985234 2.318923 1.244171 0.4399415 2.556547 9.396755 6.699246 5.305273 5.881802 3.740717 1.869125 3.07669 2.440642 4.961383 3.407365 0.7698665 1.479402 1.72106 3.023348 2.948669 1.872354 4.037497 0.1555455 1.184433 1.121514 0.9836618 1.013929 1.574386 2.530457
14.43713 6.912911 2.69439 5.709885 5.797013 6.22248 5.858432 6.14447 6.956532 5.769155 12.59431 13.37458 9.436403 19.26785 4.990265 19.06215 11.87646 14.07929 7.440281 7.481493 6.029952 3.039251 3.831253 3.980537 5.394673 2.506502 0.9897894 3.666003 3.094265 10.8267 8.631471 1.574386 3.899686 1.813355 1.920131 3.692164 2.263604 2.865732 2.919911 2.884602 3.393201 1.083123 2.563616 3.491132 2.660602 0.7377781 0.8866771 1.337813 2.470131 1.229509 1.09974 1.663946 1.574386
7.852739 7.112431 5.3064 9.887745 5.509759 4.961383 4.080423 5.197067 2.754157 2.433214 4.125811 7.092407 17.97528 13.16082 6.745183 15.64531 19.30359 15.64531 6.386736 5.373579 6.278673 4.87 3.740717 7.852739 7.629322 3.537371 3.882693 3.705174 7.271365 8.666743 7.075675 3.692164 1.189526 2.985234 1.433763 2.801907 4.263258 2.266269 2.308488 2.114692 2.372947 2.410791 1.623512 3.18635 2.975123 1.555077 2.372947 2.053857 4.064195 2.021257 3.146397 1.14815 1.013929
8.636228 6.089935 4.203686 5.834967 6.513968 2.100368 4.858916 11.30094 7.650196 11.93782 10.95159 13.05633 6.368078 14.2757 5.40021 13.91663 27.10764 8.631471 4.586029 6.992242 5.558334 4.080423 1.429541 10.18844 11.38945 3.705174 6.293823 8.797679 10.26777 6.353112 9.181772 3.670923 2.440642 2.308488 3.109804 5.454171 1.789885 4.374453 2.074334 2.857305 3.2314 2.58704 2.989269 3.078648 3.2314 2.660602 2.266269 0.8798311 1.717546 1.229509 2.853082 2.308488 1.555077
8.255728 10.14681 6.603682 7.241178 3.017362 3.123336 5.256578 10.54086 11.23162 14.28505 12.50348 14.73802 7.299801 7.447431 16.27184 12.26266 23.96972 3.412661 4.150486 6.521265 5.319905 4.547945 2.58704 11.18497 11.59539 6.290985 9.018556 4.784356 5.722415 12.22828 8.598775 4.027065 2.850968 1.982038 6.584757 6.398833 3.44776 6.13671 5.743237 2.470131 3.491132 7.633192 1.738522 2.266269 2.605626 2.318923 0.7377781 0.9069048 2.182135 0.4534808 2.511311 1.95751 1.121514
11.08687 8.774999 7.539734 2.658334 3.85628 2.999333 2.876231 6.386736 7.125747 11.43217 19.45636 12.42151 7.449813 10.71961 30.89694 21.59923 12.52569 3.266621 3.651205 7.154787 4.313656 3.473849 1.982038 8.239322 3.039251 10.9726 10.36265 2.948669 6.297604 6.035879 4.166375 3.977516 3.123336 3.882693 3.806059 5.150811 9.630205 5.315408 4.668958 4.275914 6.18312 8.933132 0.9396497 2.440642 2.658334 0.8866771 2.721116 0.8375805 1.574386 1.829935 2.33707 1.653017 0.6598961
6.174446 4.342781 3.491132 1.759248 3.835958 6.44791 9.573786 5.595816 6.777672 11.45972 21.87544 8.525413 14.58696 26.49566 19.94245 10.1628 5.17746 2.418289 5.444301 5.8747 3.727832 6.439603 2.198671 3.127191 7.894686 9.016608 5.499991 4.697121 3.001342 2.756345 5.113499 5.138016 2.492018 6.051656 3.047172 5.202819 7.743782 3.73589 1.574386 0.9897894 2.621781 3.433764 3.473849 1.121514 2.168258 3.835958 4.028557 0.4918672 3.636345 2.958872 2.549458 2.420783 2.718899
3.598089 3.491132 4.403169 5.509759 4.764273 3.341347 6.089935 16.69598 13.94389 20.56417 24.52005 3.576283 10.96 21.56346 8.854772 2.33707 3.73589 4.764273 5.347929 7.244448 3.412661 4.860149 3.782286 2.352513 9.984221 10.18844 7.822633 5.570142 3.244421 4.031539 4.857683 4.525468 7.059743 7.977144 4.086308 6.857763 5.121685 1.433763 1.634639 1.738522 1.32419 4.331709 2.134584 1.433763 1.328746 0.7042284 1.229509 2.223244 3.473849 2.027224 1.585858 2.006264 2.400758
2.470131 3.692164 4.858916 3.107866 3.992597 10.73038 3.631378 27.60926 23.15878 18.09722 13.89412 5.688938 19.49244 16.56228 5.004642 3.277664 3.557727 4.942033 5.197067 3.18635 5.40021 4.71241 2.683175 2.808356 5.156616 4.614707 4.202257 5.099434 4.331709 5.319905 6.735493 7.914826 6.376481 3.060983 5.934288 5.265672 1.527634 1.555077 1.446353 0.1099874 3.410897 2.308488 1.495652 1.872354 2.352513 1.14815 0.7042284 1.555077 4.543986 1.28245 2.074334 1.043318 1.762678
11.48071 6.446064 2.801907 3.412661 14.4502 4.553217 5.735958 5.898003 9.292443 24.72582 25.82972 19.43908 1.829935 2.085945 1.446353 0.6955881 2.021257 1.762678 2.909571 5.197067 2.884602 4.374453 4.445216 3.44776 3.341347 2.3319 4.574244 3.405597 4.281527 4.520163 8.076967 2.225957 2.975123 2.360197 1.32419 2.318923 1.467096 1.013929 0.9460626 3.208955 0.3478069 3.895059 2.640121 0.6413053 0.5608107 2.69439 3.42147 2.956834 3.111741 0.7930808 3.203319 2.506502 0.3478069
18.15663 11.60328 6.24826 7.98379 12.40824 14.76501 10.41058 19.27269 3.684009 21.72092 18.35148 19.39992 3.370056 4.469445 2.006264 1.433763 2.420783 2.767262 4.173576 7.806779 1.121514 5.410163 4.143244 4.606904 1.95751 4.501545 4.099519 3.312388 3.980537 2.808356 2.530457 3.831253 2.642405 4.021092 1.759248 4.240664 3.096212 2.901272 2.33707 3.107866 2.646966 6.722256 1.574386 0.1099874 1.738522 3.321465 3.384318 3.203319 0.5499208 0.6689977 2.492018 2.565968 2.410791
