Cuflood/slope2_500.txt
ncols         53
nrows         97
xllcorner     251948.36111846
yllcorner     1230933.2238156
cellsize      500
NODATA_value  -9999
[rows 33 to 65 of 97, columns 0 to 52 of 53]
14.18653 9.610227 4.173576 4.937183 6.092869 10.64829 9.039291 25.08199 31.40702 36.57419 16.06358 20.24154 5.643632 3.277664 3.868732 2.801907 3.782286 10.61407 7.001564 5.033271 4.525468 2.989269 3.537371 2.674169 3.433764 3.094265 1.882006 3.577965 1.28245 2.926098 3.779105 2.714459 2.266269 5.047524 5.53572 1.623512 3.193903 3.516896 0.329959 3.96844 2.440642 5.548654 1.342323 0.9460626 1.169021 3.2314 2.857305 1.14815 1.229509 2.901272 2.754157 1.28245 1.843091
5.102954 16.60526 19.88139 21.61628 4.050868 5.92725 19.20555 24.20374 11.60772 9.804489 24.3089 18.87868 10.99514 4.609506 2.884602 2.884602 6.620755 9.070945 7.047979 5.336738 4.393618 2.836127 1.209683 4.596478 2.159889 1.882006 3.542471 1.803334 3.954786 2.263604 3.959343 3.623085 2.884602 3.572917 3.82497 2.266269 2.440642 2.565968 3.123336 1.738522 0.5499208 0.1099874 0.5499208 1.789885 1.829935 0.219974 3.246277 1.467096 3.666003 0.9460626 1.663946 1.390971 2.640121
1.433763 4.6561 5.057003 6.512142 7.635513 7.198529 15.51533 22.26982 24.25523 14.93575 21.12379 19.84443 1.377874 3.862511 6.809128 8.552229 4.313656 8.223596 8.797679 4.888416 4.263258 3.542471 3.216454 8.111891 3.656144 2.457887 2.33707 2.100368 2.114692 3.515184 3.2314 4.049385 3.992597 1.653017 3.812373 2.410791 0.7776816 2.159889 4.021092 3.807639 3.060983 0.3478069 0.3478069 0.7042284 1.229509 0.5499208 2.612562 3.370056 3.001342 2.209626 2.756345 0.9069048 2.088837
7.852739 7.449813 10.42945 4.342781 13.87763 2.721116 22.43911 26.9178 33.96511 8.84418 9.259706 3.17119 3.666003 4.844098 4.303903 3.992597 6.351238 5.214305 11.06506 9.861257 3.127191 4.027065 3.107866 7.073163 2.074334 4.52149 2.814789 4.739046 4.207969 4.156271 1.872354 4.873689 2.884602 4.076004 3.910462 3.341347 2.225957 3.449505 2.565968 6.855167 0.4918672 0.3478069 0.8006693 1.446353 1.585858 2.225957 2.318923 1.789885 2.958872 2.100368 0.4918672 2.575355 2.903349
12.02872 4.961383 3.740717 2.225957 1.878794 14.81361 20.2052 28.84513 46.8964 31.02852 3.169289 1.869125 7.336193 3.203319 1.966744 4.967414 8.722731 6.87073 5.401317 7.223986 3.303286 3.233263 3.651205 5.202819 5.482582 3.42147 3.992597 2.773791 1.132244 4.850278 4.82054 3.603102 0.8375805 4.320608 3.193903 3.053098 0.8866771 3.325089 3.881144 3.353938 0.6689977 0.5922799 1.813355 2.612562 1.982038 1.562829 3.193903 3.312388 2.506502 2.212356 0.3965594 2.836127 2.565968
10.04914 23.5562 10.41558 6.051656 4.996261 11.88752 12.13248 26.84025 21.99521 17.20651 3.899686 4.567684 5.417891 3.75676 1.948233 6.331533 6.042787 4.720037 4.87 1.776334 3.03131 3.233263 3.980537 3.42147 4.520163 2.747581 5.121685 5.474947 2.114692 4.813076 5.50542 5.769155 3.439019 3.078648 3.651205 1.189526 3.651205 3.831253 2.212356 2.767262 0.329959 0.219974 3.806059 4.586029 2.714459 2.045018 0.8375805 1.872354 1.555077 1.244171 2.065583 3.473849 2.111835
3.503179 15.94558 2.165472 10.8586 5.760874 20.76218 22.1786 29.51194 26.29804 5.341217 4.237831 8.152434 2.32931 2.318923 7.059743 2.242169 6.319303 6.592875 6.003205 2.168258 1.495652 2.372947 3.094265 1.945131 0.8006693 2.565968 4.917736 3.624745 3.820251 3.361111 1.95751 2.969039 1.184433 2.825478 3.017362 2.287476 4.996261 2.658334 1.169021 1.574386 1.948233 0.7377781 2.085945 5.518426 2.318923 2.32931 2.563616 1.601026 2.420783 0.9069048 2.565968 3.44776 1.244171
9.146054 12.44936 25.94679 12.55373 25.63848 11.0359 21.95674 30.54616 20.90829 4.439813 6.535833 2.674169 3.412661 1.678407 2.045018 0.9331927 7.715525 3.303286 2.646966 4.931114 3.936506 2.575355 2.508908 3.111741 2.932271 3.407365 2.958872 3.979027 3.346749 2.605626 1.948233 1.09974 4.223638 4.223638 3.055072 4.203686 4.424921 3.060983 2.433214 1.013929 2.074334 2.159889 0.6955881 2.656065 2.573011 2.410791 1.433763 1.229509 1.789885 2.556547 1.360215 1.982038 2.808356
10.80965 25.97729 26.41881 27.69068 2.782473 23.25715 20.68871 28.06508 21.96485 2.492018 6.43221 4.52149 4.180765 4.068627 1.585858 6.168656 5.156616 5.40021 3.576283 3.542471 1.377874 2.756345 4.086308 2.410791 4.281527 3.729445 2.400758 2.168258 4.349686 4.180765 4.631568 4.750415 6.259683 3.99711 0.3110887 4.586029 4.173576 0.7377781 1.21467 2.085945 0.9069048 2.311101 2.780305 2.165472 4.303903 2.612562 3.094265 1.253851 2.367855 3.039251 3.193903 2.440642 2.318923
20.57797 26.23732 22.05106 8.289147 41.81496 40.94646 20.47783 23.98399 25.63848 0.9958792 6.686823 7.011718 5.003446 1.433763 4.668958 2.085945 4.668958 1.77293 4.115606 6.689487 0.7776816 4.739046 3.03131 2.975123 5.061735 2.640121 4.240664 3.882693 5.347929 4.505541 2.318923 2.100368 3.545867 3.440769 0.5499208 0.3965594 0.4534808 0.8375805 1.869125 0.8375805 0.5608107 1.706961 2.027224 1.920131 1.429541 2.114692 1.377874 0.1099874 2.511311 4.195106 5.931273 2.656065 1.878794
19.8465 29.70558 19.40552 32.8666 13.45332 3.843787 40.14097 33.2537 27.32855 3.361111 3.064917 7.073163 5.854358 3.07669 5.518426 5.197067 5.663697 5.480402 5.899014 5.499991 2.225957 4.903098 6.685047 1.789885 3.639653 3.549259 3.831253 8.399766 2.318923 4.80934 1.634639 4.185072 5.509759 3.433764 1.555077 1.287155 0.3110887 2.074334 1.342323 0.8375805 0.3478069 0.8798311 1.813355 0.9069048 2.410791 0.7698665 2.190418 1.966744 3.516896 4.192241 1.390971 3.42147 2.182135
16.45225 18.90436 26.65787 35.10849 29.68001 15.32576 11.3597 23.10528 19.11092 4.595173 6.933474 1.083123 4.749153 4.303903 4.780597 7.764334 5.140345 4.505541 6.37928 5.722415 6.323068 6.346552 2.223244 5.40021 4.270294 3.787053 5.651033 2.410791 4.173576 1.495652 0.329959 6.535833 4.037497 3.047172 1.013929 1.574386 2.295378 1.037507 1.390971 1.495652 0.4534808 0.3478069 2.006264 2.575355 1.869125 1.829935 2.410791 3.346749 1.843091 1.229509 3.885788 3.277664 1.978988
3.060983 9.058685 24.20198 15.13953 14.21163 20.57797 7.437896 2.857305 3.75996 1.229509 6.549461 5.824734 6.54583 7.690231 5.324399 7.715525 5.8747 3.954786 5.29399 1.390971 5.117009 5.506505 5.282681 3.729445 2.646966 4.281527 3.199556 3.325089 3.297812 0.1099874 1.585858 1.408244 4.263258 0.5922799 1.495652 0.8798311 2.266269 1.189526 5.156616 3.246277 2.225957 2.212356 1.674803 2.045018 1.132244 2.372947 3.391426 2.318923 2.801907 1.574386 1.623512 3.842222 1.95751
14.89838 24.0435 29.70586 35.88659 35.03758 34.24641 7.286004 3.936506 6.716953 5.462929 2.114692 4.237831 4.441164 2.714459 4.813076 5.979327 3.651205 6.18312 8.210706 7.475959 4.784356 6.81871 4.595173 5.659479 4.294128 1.037507 1.037507 0.5922799 1.21467 0.3478069 1.495652 2.311101 0.9460626 3.684009 0.6689977 3.530559 1.229509 0.329959 3.577965 1.083123 2.225957 2.814789 2.360197 1.555077 2.053857 3.146397 2.085945 1.433763 0.4918672 0.8866771 1.229509 2.134584 2.658334
6.174446 24.13619 29.9408 34.06142 17.19904 23.88245 6.710761 5.849262 6.651195 4.967414 6.509403 4.692013 6.770661 1.89161 6.235861 4.156271 1.966744 5.486939 8.502651 6.27488 7.198529 5.416788 3.843787 2.985234 4.723845 1.829935 0.1555455 0.219974 0.7776816 0.6955881 0.8006693 1.229509 1.342323 3.843787 6.896587 3.341347 3.42147 0.4918672 3.557727 1.77293 1.287155 2.3319 2.729966 2.134584 1.710496 1.601026 2.266269 1.229509 1.253851 2.352513 3.740717 2.865732 0.4534808
22.1526 31.25773 42.34644 10.33524 12.30201 7.763574 6.320244 4.133084 7.231359 5.8747 4.948088 5.943324 4.07453 2.085945 3.586364 1.446353 5.735958 5.514094 6.486528 7.73997 4.371708 3.094265 4.500212 4.893315 2.168258 2.311101 3.078648 1.229509 0.6413053 2.410791 1.429541 3.297812 2.703328 4.424921 2.865732 2.352513 3.881144 2.506502 3.842222 0.6955881 1.083123 0.8866771 1.467096 1.920131 1.09974 2.660602 2.767262 3.412661 1.789885 1.169021 1.229509 0.4918672 0.9396497
23.59136 45.08821 44.05644 11.84855 3.73589 4.415418 4.062716 3.729445 2.999333 6.132826 7.447431 5.509759 9.321927 0.7930808 2.308488 5.603281 6.729319 4.237831 5.081799 2.676423 4.480171 3.831253 3.393201 3.44776 1.189526 2.295378 1.433763 0.219974 1.013929 2.989269 0.622159 1.229509 2.506502 3.979027 1.872354 2.420783 3.094265 2.225957 1.446353 3.341347 2.074334 1.897985 2.287476 2.537599 1.982038 2.767262 4.51618 2.594025 3.564486 2.594025 2.367855 2.884602 0.8589658
27.96983 26.79451 2.808356 5.971345 7.115762 6.513968 4.316438 5.173992 4.049385 6.563965 6.442373 5.889908 3.055072 0.8798311 7.095748 4.512194 4.586029 5.625618 1.527634 4.173576 5.902046 2.958872 3.657789 4.390885 0.4918672 0.9958792 0.6598961 0.9958792 0.4918672 1.083123 1.121514 1.601026 1.872354 4.650946 4.824268 3.845351 4.873689 1.966744 1.813355 2.25559 2.721116 2.372947 0.5922799 1.013929 1.601026 1.574386 0.9460626 3.468647 2.318923 2.018268 3.146397 3.549259 0.4534808
18.13103 1.759248 2.318923 10.28637 7.657141 7.936399 5.214305 6.139621 5.700469 4.134537 2.287476 3.977516 2.3319 6.912053 7.552265 3.246277 5.003446 4.102448 6.615368 4.275914 3.953266 3.2314 2.053857 1.878794 3.203319 2.556547 1.287155 1.013929 1.132244 1.882006 0.6689977 1.229509 2.747581 4.115606 2.074334 3.979027 3.545867 2.876231 3.919674 5.104127 1.377874 2.612562 2.242169 2.573011 3.516896 2.318923 3.25369 2.530457 2.612562 3.102045 2.530457 1.945131 4.223638
6.15996 1.663946 5.444301 10.63961 5.659479 6.450676 6.678824 3.468647 10.61951 6.660121 6.22535 1.882006 0.6413053 6.232041 2.378028 2.360197 3.75676 3.692164 2.658334 3.25369 7.71935 2.565968 7.244448 3.127191 1.574386 1.634639 1.789885 2.428249 1.32419 2.018268 0.8866771 1.105224 3.18635 3.2314 1.762678 3.516896 3.530559 1.037507 3.023348 4.697121 3.03131 3.954786 2.718899 0.2459381 2.413293 2.074334 3.193903 3.812373 5.360212 4.793116 5.075906 0.6955881 2.956834
6.045744 6.191782 6.682381 9.847688 3.75996 8.474975 8.239322 3.312388 6.480108 5.117009 3.25369 2.021257 1.562829 2.263604 1.789885 1.037507 3.017362 3.341347 3.107866 4.533414 2.926098 6.350301 0.9396497 0.5922799 1.189526 0.7776816 0.7930808 2.114692 0.8589658 2.470131 1.543375 0.1555455 1.253851 4.177891 1.897985 4.185072 3.684009 3.047172 0.4534808 3.516896 6.610876 3.729445 2.999333 2.884602 4.202257 2.530457 4.12144 3.053098 2.674169 2.612562 4.353824 2.266269 2.088837
6.18312 4.457347 8.678242 6.857763 8.76096 8.111164 5.374691 3.542471 5.197067 1.287155 2.865732 0.6413053 2.801907 1.360215 0.4534808 1.479402 1.253851 0.8866771 0.622159 2.857305 4.392252 4.294128 1.945131 2.021257 1.555077 1.475312 1.878794 3.321465 2.006264 0.219974 1.08869 0.8866771 0.6955881 1.653017 4.223638 1.433763 3.370056 3.753557 2.565968 3.341347 3.831253 0.9069048 2.018268 3.297812 3.959343 2.594025 2.642405 2.756345 2.190418 3.666003 3.959343 4.525468 1.543375
3.684009 14.19085 8.352045 8.269967 4.692013 4.537382 5.033271 1.820005 7.437896 6.966754 5.754655 5.744276 4.51618 4.948088 5.964353 5.625618 5.265672 0.7776816 1.433763 0.3478069 1.32419 1.77293 0.3110887 2.311101 3.868732 1.377874 0.4666273 2.932271 3.391426 4.138893 1.562829 0.4399415 1.121514 0.3478069 1.872354 3.545867 2.621781 2.400758 2.646966 1.555077 4.370335 3.064917 1.585858 3.391426 3.716521 4.980657 3.064917 3.094265 6.861223 6.735493 0.4534808 3.692164 1.32419
8.541925 10.76473 5.197067 4.303903 6.620755 4.71241 7.447431 7.764334 7.608387 5.17746 5.704655 4.824268 3.391426 0.9069048 6.660121 3.370056 4.457347 1.14815 0.7042284 1.083123 0.6689977 0.3478069 0.3965594 1.574386 1.882006 4.275914 2.457887 0.1099874 2.091726 3.107866 3.557727 3.626405 1.121514 1.479402 0.5499208 0.3478069 2.612562 2.053857 2.134584 2.749774 3.959343 1.287155 1.209683 2.909571 4.076004 1.789885 2.958872 3.039251 3.899686 1.923273 5.600083 2.266269 3.85628
4.263258 4.799363 5.270214 5.121685 0.7776816 7.946791 4.357957 7.00495 6.409979 7.302234 8.038954 3.623085 5.373579 2.909571 2.114692 0.8866771 1.013929 2.958872 1.32419 0.1555455 0.8006693 0.9460626 0.2459381 2.114692 2.027224 1.14815 0.5499208 0.7377781 0.7698665 1.527634 2.410791 2.825478 2.360197 2.48717 3.391426 1.776334 0.3478069 3.2314 2.884602 3.017362 1.803334 2.575355 1.013929 3.705174 3.017362 2.176594 2.318923 1.342323 0.7930808 3.199556 2.360197 2.190418 2.890865
4.650946 2.714459 3.216454 4.829233 9.27672 9.039291 8.258577 5.767086 8.084985 7.869996 7.119924 3.959343 3.262931 3.03131 0.329959 1.678407 1.105224 2.782473 2.091726 2.085945 1.013929 1.08869 2.111835 1.803334 0.9460626 0.6955881 1.829935 3.542471 2.114692 3.348548 3.29233 4.076004 4.412699 0.6955881 2.859414 2.530457 0.3478069 0.4534808 0.622159 2.859414 1.776334 2.565968 0.3110887 3.312388 1.562829 4.733984 4.320608 0.6955881 1.043318 3.107866 3.146397 1.337813 1.287155
4.143244 7.192767 3.850039 9.193221 8.066021 8.120597 8.335134 6.092869 8.880534 6.9642 6.722256 3.637999 3.586364 3.297812 1.829935 2.266269 2.565968 1.429541 1.013929 0.4399415 4.217947 1.337813 2.223244 1.229509 1.467096 1.32419 1.337813 0.9836618 1.574386 2.754157 2.932271 3.690534 3.102045 3.111741 1.829935 1.527634 1.663946 0.7930808 1.14815 2.410791 2.658334 2.266269 2.801907 4.133084 2.420783 2.714459 3.111741 3.4963 1.843091 0.6689977 2.479882 2.225957 2.605626
2.656065 8.25644 5.902046 10.12736 7.463294 7.228083 8.176228 11.83697 8.71466 12.54515 11.52852 5.378026 10.35762 5.663697 3.094265 3.791813 2.074334 4.813076 2.621781 0.8589658 1.803334 0.5608107 0.6413053 1.09974 0.8006693 0.8375805 0.7377781 0.3965594 1.982038 4.784356 2.773791 3.277664 4.207969 2.808356 2.605626 1.759248 2.410791 2.440642 3.42147 1.229509 3.246277 1.319617 1.663946 3.576283 2.428249 2.225957 1.253851 1.820005 2.045018 1.342323 4.270294 2.985234 2.836127
8.195641 3.895059 3.843787 8.399766 9.2849 7.977144 6.771538 5.444301 11.396 4.672809 3.577965 4.688179 6.16769 5.558334 5.506505 2.085945 2.378028 4.480171 3.791813 0.5922799 1.377874 2.111835 2.165472 1.21467 2.190418 0.8375805 0.8375805 0.5608107 0.4399415 3.740717 4.609506 3.262931 4.610807 7.273808 2.756345 2.901272 2.457887 1.32419 2.085945 3.850039 3.362902 4.520163 3.295986 2.640121 3.910462 3.980537 1.738522 2.413293 2.225957 1.978988 1.674803 3.163582 4.068627
7.653283 2.958872 8.452765 6.066408 7.63938 7.311953 4.888416 9.805082 5.514094 4.457347 9.898907 7.124915 6.660121 4.668958 2.801907 3.449505 1.920131 2.492018 1.706961 1.287155 0.6413053 1.475312 2.457887 1.377874 1.882006 1.759248 1.319617 0.6413053 3.370056 3.023348 5.752581 3.882693 3.959343 5.608608 2.642405 1.634639 3.102045 3.361111 4.912861 2.308488 2.58704 2.168258 8.241464 7.608387 3.75676 2.295378 4.525468 2.537599 0.6598961 3.862511 2.857305 3.449505 3.017362
11.33188 4.166375 6.483778 4.223638 10.54086 9.330065 7.836949 1.948233 7.095748 7.047979 5.506505 3.096212 10.66292 3.208955 5.071187 2.836127 1.184433 0.4534808 0.9396497 3.341347 1.776334 1.634639 3.125264 1.634639 1.121514 0.3965594 1.083123 0.6413053 0.5499208 4.424921 6.513968 4.839148 2.440642 5.378026 2.573011 1.555077 2.134584 4.134537 2.573011 2.683175 2.212356 2.018268 4.996261 9.314409 2.537599 2.926098 6.912911 2.773791 0.7698665 4.099519 1.189526 2.926098 0.7930808
6.17541 7.635513 7.465671 10.65317 7.827157 3.731057 6.839567 5.677383 6.902606 9.941078 2.749774 4.844098 7.011718 4.076004 4.87 1.77293 0.9958792 0.2459381 1.189526 0.9460626 0.3965594 1.28245 2.549458 1.869125 0.3478069 1.32419 0.329959 0.4534808 0.8375805 0.6689977 0.4534808 0.6689977 1.820005 3.295986 3.203319 4.195106 0.7698665 3.341347 0.7042284 3.631378 1.738522 6.37928 6.87073 4.439813 5.908105 3.666003 2.134584 2.58704 2.549458 1.14815 4.764273 2.612562 3.44776
4.631568 8.458323 0.622159 11.06402 9.404203 10.25591 4.657387 4.903098 4.412699 6.588366 6.82654 11.94546 6.18312 7.557741 4.780597 2.556547 1.342323 0.3965594 0.6955881 1.706961 1.08869 0.8866771 1.377874 2.32931 0.5608107 0.4918672 0.4918672 0.5499208 0.6413053 1.105224 0.8375805 0.4666273 2.114692 2.045018 2.198671 2.594025 2.612562 1.682003 1.433763 0.9958792 2.767262 5.088861 5.033271 5.051081 1.377874 2.756345 1.32419 0.8589658 4.316438 1.869125 3.624745 1.253851 1.982038
