HiPIMS_Class/output/h_max_7200.asc
ncols 574
nrows 327
xllcorner 499835.000000
yllcorner 204915.000087
cellsize 100.000000
NODATA_value -9999.000000
[rows 243 to 269 of 327, columns 427 to 487 of 574]
0.000000 0.000000 0.000000 0.000000 0.000000 2.193148 1.904198 0.000000 0.000000 0.000000 0.000000 0.000000 0.000000 0.000000 0.303209 5.084793 12.552433 15.852138 5.701995 1.553908 3.975222 2.741905 1.895472 0.042751 0.493026 3.142512 6.951539 10.594011 8.091557 15.642484 9.333404 4.103715 2.678884 1.176446 0.152747 0.000000 0.000000 0.848251 2.792497 7.424305 9.847723 10.825400 11.241474 13.546200 14.861823 18.072639 18.411710 18.754447 18.199165 21.192029 22.672349 22.799671 22.197578 22.527007 22.545454 21.979564 20.664503 20.508764 21.892899 16.232702 11.520834
0.000000 0.000000 0.000000 0.000000 0.828526 4.663353 0.487169 0.000000 0.000000 0.000000 0.000000 0.000000 0.000000 0.000000 0.000000 4.780497 10.845514 17.645394 9.620777 6.476692 7.273598 6.129760 4.610884 3.018292 2.186052 3.327723 5.973350 9.330366 15.251993 12.999127 7.077620 6.086446 4.811709 3.503361 2.151830 1.343127 0.206070 1.614195 6.614364 9.756282 15.095338 15.699669 16.052599 17.736310 18.983471 20.611007 20.341692 20.607471 20.752229 22.701745 23.674999 22.240124 23.241877 22.886259 23.291264 22.793715 21.911076 21.574248 19.487902 14.604802 9.910882
0.000000 0.000000 0.000000 0.000000 1.272219 6.281123 1.768870 0.000000 0.000000 0.000000 0.000000 0.000000 1.028774 1.334166 1.960152 6.506155 9.984663 17.394374 10.134325 8.674371 11.230767 9.080970 6.375755 4.584935 3.950792 3.737028 5.141708 10.511032 18.674833 9.227027 7.238946 7.187562 4.733160 3.144560 3.368093 3.875633 2.541731 2.697155 6.346713 10.919476 16.681733 21.153341 20.609641 23.466551 24.229790 23.836807 23.847679 23.933204 23.951949 23.343986 23.368884 22.984285 22.484057 22.217841 22.314596 22.716959 22.167562 19.597005 15.958694 12.219682 9.970367
0.000000 0.000000 0.000000 0.000000 3.356768 6.654800 5.410201 0.928238 0.000000 0.000000 0.340227 2.341218 3.462149 3.948011 3.658890 6.766363 10.587652 17.390968 11.826788 10.837890 12.065781 11.611915 9.227791 7.125512 5.894231 5.532485 5.999775 11.722431 19.205679 10.083372 10.533777 7.958014 6.128819 6.328442 7.315452 5.738781 4.382046 4.614258 7.382009 13.666030 18.705667 25.023852 24.314183 24.510171 24.651084 24.304331 22.449430 24.546475 23.992556 22.582676 22.414751 22.567050 22.225632 22.055511 22.111676 22.426833 16.458507 12.255695 13.959494 13.699546 13.491991
0.000000 0.000000 0.000000 0.000000 0.949256 4.369367 10.684158 6.664799 2.207838 0.212637 0.424393 3.435534 6.306671 7.055842 6.886151 10.072969 13.914365 17.717701 12.976320 13.918330 16.275924 12.152696 9.882684 7.850117 7.650767 7.294267 7.697006 13.466456 19.493165 15.668556 13.999313 12.131090 11.645111 11.259096 11.119643 9.857604 7.363725 6.214113 9.400551 17.380497 24.327385 25.366566 24.707539 23.645196 22.652665 22.170631 20.802645 19.934859 21.376092 21.733076 22.350457 22.511328 22.048126 21.812090 21.875400 17.709334 18.213202 15.845953 18.702531 21.190597 21.327702
0.000000 0.000000 0.000000 0.000000 0.479873 2.895148 6.642693 9.472960 3.180111 1.159500 0.982787 2.738712 4.330412 6.149884 9.919047 12.514661 12.896055 18.835203 19.198195 19.202497 19.882812 13.832932 11.491378 9.775657 10.024966 9.097973 9.287578 17.059071 23.072861 20.101443 17.276655 16.993188 21.992527 17.506657 14.115724 12.261489 8.505017 9.273396 12.748705 22.261780 25.215890 24.870561 23.991795 22.722318 21.267670 20.652547 20.673495 16.143799 17.401091 20.417505 22.246080 22.298663 20.017663 18.233825 16.805736 20.133895 21.431796 21.366753 20.509165 17.846764 20.730148
0.000000 0.000000 0.000000 0.000000 2.344990 4.826192 8.025540 10.665897 3.779771 2.281907 1.888626 1.794330 1.849301 2.608814 5.667441 6.785000 9.555379 14.058082 17.422652 17.490209 21.205322 21.290136 14.358270 11.182013 10.961879 11.972043 11.629472 20.298091 23.231180 23.649234 22.562188 22.805101 22.542109 22.109266 18.770940 14.512819 12.330153 12.249634 14.129955 24.411791 25.051200 24.787641 23.862328 22.620341 20.900582 20.288904 19.896588 14.286472 12.943630 18.196300 20.884675 19.224070 15.381350 13.962297 11.620757 11.670015 15.642060 15.723447 13.921615 12.001224 15.577755
0.000000 0.000000 0.000000 0.786078 4.533690 8.977470 14.004691 5.181695 4.029031 5.664138 3.676270 0.992905 0.767320 1.147306 1.682988 3.535623 5.465772 8.500201 9.708830 11.964390 16.697443 22.478663 15.605721 12.770921 13.843022 15.484276 15.167379 17.440980 21.255997 24.622258 26.482919 23.655873 25.502191 24.830043 22.780108 20.356800 19.528877 19.728654 19.779447 24.425976 24.472977 24.438823 23.826503 22.999390 20.891047 18.967648 18.326487 12.381344 11.832298 19.140710 18.622090 19.890976 12.085097 10.033358 8.026085 6.625339 7.563635 7.905089 7.442326 7.166447 12.367906
0.000000 0.000000 0.000000 2.456065 7.337653 11.497122 16.779626 8.262197 8.018657 9.920264 6.494471 2.048188 0.998332 1.032057 1.717258 3.531709 5.201562 6.822939 8.920524 11.856957 16.363784 22.652727 17.967997 18.635896 19.243144 16.821203 10.374287 12.723034 19.831360 25.152774 27.095042 27.003512 26.759658 26.816720 26.969339 25.555757 25.445097 26.430056 24.922876 24.161651 23.701882 23.577939 23.673568 22.773849 21.872394 20.881757 15.780160 17.862707 12.151873 14.285028 18.943106 19.298121 11.700346 9.894653 8.133426 5.883762 4.838095 5.181589 5.143122 5.984638 8.704931
1.426548 1.376020 1.628144 2.107571 4.250112 7.186335 13.739934 18.037373 15.671766 14.252299 8.186891 3.500664 2.352264 1.890381 2.718907 4.625105 6.352600 7.416828 10.168402 13.525755 17.276303 23.283715 21.175129 20.817950 15.092259 10.555626 9.313880 10.469022 14.068837 25.353791 26.086826 26.809682 26.945901 26.519318 26.289965 26.696958 24.320590 25.429380 25.448393 24.257600 24.253707 22.860979 19.080818 20.746745 21.187934 20.674530 18.230876 15.456120 11.423202 12.675603 17.901757 19.554737 15.043937 13.662506 9.445946 6.348240 5.685511 5.060918 4.757528 4.371594 5.212759
2.293447 5.393242 2.019114 2.741400 4.362825 4.570251 7.057141 12.597219 18.760763 18.262468 7.950779 6.798462 5.364614 4.193769 4.255115 6.074321 9.273267 8.896100 10.134886 12.838131 16.148757 23.202340 24.377246 17.798857 12.494584 10.464598 9.265612 8.418394 10.828148 23.429052 25.169695 27.054015 27.214935 27.133968 26.825046 24.321919 24.700959 24.160547 24.176184 24.109663 23.290368 23.462146 21.523612 21.306064 22.769215 22.741478 19.118725 17.996087 13.606046 13.944110 17.956416 18.771748 19.144375 14.906356 11.151883 8.770734 7.101751 6.328167 5.403857 4.213980 4.250218
3.038935 8.621672 2.056122 3.465146 6.158442 7.404584 6.812649 8.987962 12.991542 22.445493 14.893737 11.114799 6.374335 5.772491 7.178674 9.133037 11.928426 10.903368 11.160925 11.913062 14.208017 19.666782 24.321876 19.510928 16.407982 16.067180 17.772465 18.986225 25.085435 26.658594 27.222125 27.004005 25.858376 26.134179 23.983322 20.218604 23.385356 24.502183 23.793816 23.069635 22.125594 21.704567 21.535219 16.678133 15.201601 20.234989 19.134443 19.827461 14.295331 14.918474 16.834472 16.618950 17.394424 17.503714 14.342178 11.886247 9.251694 6.053485 4.288047 3.630943 3.510457
5.995018 9.527907 3.238410 3.859749 5.861455 10.097382 9.861578 10.781860 14.191676 23.243575 14.754693 9.191390 8.235606 7.916796 9.778523 12.623131 14.877761 13.550147 12.476288 12.344864 13.330693 17.146633 23.647375 24.112938 21.485774 21.210071 23.853172 26.294147 25.909053 24.302636 23.973802 23.988677 23.883707 22.190650 22.803943 23.189841 22.321803 23.690132 22.778689 21.580661 21.336182 21.093472 21.620865 22.066711 22.300115 19.772178 17.233957 19.811352 13.448604 13.216231 14.273156 15.488430 16.735845 17.972686 16.149167 11.518666 8.186840 5.823454 4.908139 4.938937 5.374606
9.959179 8.205885 5.309600 6.782550 6.647561 7.628593 11.827930 12.377198 16.965032 25.153667 15.495348 12.892527 10.863305 10.674054 12.888187 15.767836 17.608846 16.230496 14.538858 12.942653 12.684697 14.867376 19.144344 22.359645 25.539659 24.733197 26.460685 26.523759 25.701275 24.309734 23.897626 23.637371 23.673081 17.045924 16.529979 16.334375 18.945644 20.662946 20.495120 19.793799 20.614294 20.342822 20.939538 20.285649 18.463893 19.760573 20.029850 14.532145 10.483709 10.816704 12.295888 14.065207 15.910714 16.930264 16.484828 13.098647 9.575130 8.459818 8.484782 8.944147 6.043626
13.223838 13.106692 10.459034 11.952005 9.433528 8.497065 11.156711 17.519267 21.705284 26.252478 22.993182 21.119861 16.860683 15.735873 17.880585 22.912841 23.665350 17.053009 18.967086 18.017844 15.594545 15.349347 17.158291 19.636733 23.725856 27.040883 26.784196 26.313607 26.217056 25.624354 24.496523 17.445241 16.984766 17.382880 16.490694 16.616185 18.971113 18.696273 18.942421 19.329483 20.306088 20.038713 16.462186 13.118043 13.147106 13.335391 10.898121 9.769107 8.728485 10.052319 12.199520 14.297904 14.827399 14.792994 15.612288 15.806499 14.224284 10.973944 11.639128 8.202613 4.755996
23.385930 20.912393 19.014439 17.929965 12.352040 10.663855 12.272413 18.739216 24.194069 27.184839 27.286529 25.876200 23.671763 22.279564 23.740554 25.213565 26.015102 26.264625 26.408279 25.619335 21.773860 18.359297 19.798152 19.833582 24.529824 26.503345 26.545231 27.005080 26.034358 22.889823 16.013058 16.102909 15.364590 16.890875 15.585135 16.648612 18.753383 18.853541 18.185703 18.174286 19.411211 20.142747 16.016828 9.949929 6.990825 5.517409 6.139184 7.132082 8.938004 10.618992 12.184569 13.748750 13.331288 12.997209 14.544752 15.459100 13.993087 10.510302 8.860657 6.744032 3.172099
27.469582 28.073973 27.136046 23.793301 16.875020 13.524726 15.351170 19.176141 25.822009 28.024766 28.171207 28.179203 27.194702 26.289615 26.423633 29.105665 28.428479 29.075289 28.221695 27.919080 26.651075 22.875780 20.313941 23.587181 26.366171 26.098523 26.546582 26.124825 21.043770 17.763829 16.497240 15.427071 14.249207 13.432394 16.181169 16.544554 17.749948 19.209599 18.475391 18.030193 18.801173 16.366389 14.219815 9.417423 5.314835 4.114736 4.614582 6.293284 8.055689 9.127410 11.292788 12.922900 12.369991 12.246627 13.793691 14.465585 11.817500 8.119744 5.875385 4.295536 2.462244
29.052452 30.791585 29.759087 26.699529 23.599420 20.695283 23.991647 24.357974 27.602299 27.625887 28.336436 28.217683 29.211423 29.040233 28.741362 28.857860 28.567419 28.152258 28.364249 28.025385 28.036691 27.390560 27.673121 27.621219 26.814418 25.945765 25.534184 25.902413 18.327663 17.171730 14.585811 15.180810 13.932888 13.089312 13.340725 16.041279 16.827681 18.126711 17.506058 16.983987 17.165455 14.388355 10.572876 8.984932 5.258280 3.103727 3.605090 4.204694 5.666033 7.224938 9.399712 11.373765 11.722736 12.014481 13.250342 12.941439 8.465223 7.428417 6.004399 4.762261 3.014431
29.273929 29.070752 28.965412 28.954509 29.181980 31.066179 29.473569 29.181452 29.429572 30.642869 29.508726 29.124521 29.245088 29.283974 29.083772 29.006144 28.534694 27.718765 28.332310 28.066219 27.973998 27.012321 26.992304 25.989579 25.751264 26.466327 26.265972 22.488164 15.516050 12.645808 12.990309 15.503749 14.062381 13.241735 12.367452 14.736750 14.889112 16.265047 15.670907 11.679548 11.090102 10.809396 7.258949 5.209175 3.940356 2.980411 2.693413 2.554111 3.586203 5.085750 7.557016 9.101232 9.928983 10.514255 12.835451 12.761382 8.977440 8.845260 10.160026 9.952558 7.612358
28.693054 28.740796 28.796617 29.041465 29.388352 29.604713 29.873083 29.962792 30.136646 30.330252 30.458061 29.126727 29.159952 29.156552 29.026615 29.002734 28.596662 22.708074 27.549475 27.544942 27.907942 25.614263 25.608874 25.834907 26.101393 25.702269 21.708572 16.858265 12.944797 10.004829 10.068388 11.921011 11.634161 11.213619 9.377064 10.687805 11.140681 13.480819 14.785701 12.085349 9.188343 8.690279 6.641375 3.225996 3.283622 2.045422 0.903819 0.852479 1.685284 2.610610 4.332647 5.979035 6.835016 7.842769 10.908287 13.035037 12.950992 10.378558 6.188196 6.513970 10.155831
28.104017 28.346805 28.384626 28.468760 28.663515 29.490941 29.695918 29.966291 29.892555 30.383396 30.418509 29.692661 29.017737 28.971692 28.726975 28.210282 27.858990 26.528423 24.039694 25.085222 24.659601 25.630490 24.952885 25.392157 24.909806 21.397546 16.454958 9.988591 7.380940 6.083663 5.014712 5.778296 4.455667 4.436509 5.698056 7.811215 9.197072 10.607035 12.258804 8.927581 6.424905 5.646134 4.823538 2.015681 2.396392 0.834549 0.114840 0.125032 0.166813 0.410604 2.157692 3.956546 4.930674 6.811156 10.143663 11.701084 9.240789 4.038309 2.667759 4.221125 7.760258
26.743582 27.151880 26.870687 26.258877 28.993566 28.459376 29.773545 29.334429 29.525970 30.406720 29.283053 30.025834 29.019035 28.613856 27.476135 26.863623 24.485759 21.767720 19.261878 19.154243 18.488369 20.744913 22.836298 23.356810 23.665518 16.726428 8.836683 4.539804 2.790531 2.892307 4.082478 3.168791 2.249588 1.820547 2.037111 2.387633 4.203815 7.473366 10.644411 8.850673 5.527475 3.422860 1.974074 1.873139 0.310200 0.129561 0.266319 0.084594 0.050175 0.045753 1.725075 3.937264 5.451260 7.285409 9.651744 5.040114 1.549901 1.470835 1.961196 3.736278 6.595079
24.255438 23.110506 23.299179 25.146670 27.457671 29.010482 29.402043 29.060238 28.792953 28.769351 27.806257 26.610811 25.295371 22.909527 25.291573 23.915445 21.613438 20.142265 17.922330 17.384334 14.387198 14.641883 17.415111 17.781500 22.326135 12.608696 5.763796 2.527709 3.089777 3.989677 4.072135 2.972728 1.919894 0.898376 0.789206 0.842967 1.951298 4.809005 7.882768 5.195119 5.117254 2.401727 1.089809 0.226999 0.240966 0.127809 0.251917 0.371306 0.198959 1.782115 1.830638 5.636811 6.738280 8.112641 6.284547 1.461447 1.305928 1.464418 2.002638 3.349429 6.926982
17.331996 17.923910 18.789091 20.021834 24.565167 27.916366 28.527095 28.709828 28.734225 27.600565 25.565116 23.755877 21.953012 22.586966 22.489638 22.552128 21.416079 19.248998 16.591948 14.359372 12.878741 11.268164 11.406601 13.585503 20.733140 19.697126 16.972138 14.430910 4.225830 6.723036 3.924076 1.697020 1.028046 0.856881 0.627086 1.063021 1.135337 2.914829 1.798609 0.959292 2.380469 0.657354 0.452697 0.185424 0.225824 0.172893 0.686898 0.891159 1.327408 2.888549 5.884493 6.056587 7.471656 6.134767 3.484215 1.020434 1.028233 1.466440 2.151380 3.551847 7.217053
7.653825 8.872178 11.099466 14.935616 21.011935 27.207417 28.358838 28.762696 28.263148 26.571239 23.378821 20.461400 20.196838 19.528240 19.225552 19.057571 18.765704 17.960270 15.817477 13.750473 12.723584 9.784448 7.879526 10.469530 18.239639 15.500253 7.839105 2.751998 2.358789 2.667451 1.807004 1.343754 1.108320 1.001326 0.801251 1.192908 1.142414 1.782691 0.882442 0.584310 2.222922 0.640950 0.491056 0.229040 0.242608 0.332849 0.509361 0.712355 0.657205 0.909818 2.578931 4.215608 7.458713 3.970927 0.628900 0.700555 0.921458 1.089610 1.886389 3.308378 7.331825
4.336208 7.118841 10.196261 14.837983 21.746844 27.138609 28.111881 27.100209 26.148027 21.020526 19.756915 19.158931 17.149185 15.157530 16.058498 15.814648 16.305119 16.656765 14.142448 12.816143 11.384844 7.418695 7.195511 13.712765 13.312096 7.557555 4.904416 2.523306 2.109875 2.674132 1.929967 1.482000 1.270791 1.160955 0.862666 1.283959 1.991871 0.457683 0.917821 2.726335 2.134092 0.844901 0.535057 0.278788 0.232460 0.491604 0.685965 0.683773 0.876891 1.069161 1.861591 2.858511 3.644995 1.480241 0.224056 0.271417 0.499784 0.574997 1.369645 3.260354 7.040985
4.006186 6.818595 11.011779 15.539953 22.436915 27.446537 27.032151 23.077756 20.765914 16.721736 15.169482 15.589419 12.671151 9.655276 10.826752 12.280553 13.439221 14.095901 13.275094 10.944442 7.193373 4.462477 7.187215 10.755084 8.408794 3.048273 2.744544 2.721630 2.399483 2.519852 2.331947 1.797923 1.502969 1.261993 1.163120 1.421012 1.130887 0.620934 0.953868 1.454669 1.126886 0.593389 0.694683 0.329422 0.400355 0.738970 0.897272 1.032692 1.120179 1.360714 2.430878 3.701447 3.708033 0.650887 0.155732 0.206890 0.214727 0.301649 1.741536 3.329664 5.932065
