HiPIMS_Class/output/h_max_7200.asc
ncols 574
nrows 327
xllcorner 499835.000000
yllcorner 204915.000087
cellsize 100.000000
NODATA_value -9999.000000
[rows 243 to 269 of 327, columns 366 to 426 of 574]
11.946181 15.255402 15.300411 13.110883 13.317497 13.116824 13.555011 13.255989 14.992353 15.255212 14.877035 15.065323 15.054656 12.439195 0.000000 0.000000 0.000000 0.000000 0.000000 0.000000 0.000000 0.000000 0.000000 0.000000 0.000000 0.000000 0.000000 0.000000 0.000000 0.000000 0.000000 0.000000 0.000000 0.000000 0.000000 0.000000 0.000000 0.000000 0.000000 0.000000 0.000000 0.000000 0.000000 0.000000 0.000000 0.000000 0.000000 0.000000 0.000000 0.000000 0.000000 0.000000 0.000000 0.000000 0.000000 0.000000 0.000000 0.000000 0.000000 0.000000 0.000000
9.155870 12.307901 13.843643 13.329322 13.000770 13.271899 13.509312 14.248765 13.481809 15.121771 14.591964 15.057326 15.044531 13.391964 5.303427 0.000000 0.000000 0.000000 0.000000 0.000000 0.000000 0.000000 0.000000 0.000000 0.000000 0.000000 0.000000 0.000000 0.000000 0.000000 0.000000 0.000000 0.000000 0.000000 0.000000 0.000000 0.000000 0.000000 0.000000 0.000000 0.000000 0.000000 0.000000 0.000000 0.000000 0.000000 0.000000 0.000000 0.000000 0.000000 0.000000 0.000000 0.000000 0.000000 0.000000 0.000000 0.000000 0.000000 0.000000 0.000000 0.000000
0.000000 8.671058 12.572994 12.713950 12.976747 13.250862 13.201205 13.579327 14.142723 14.616247 16.283780 15.155990 15.816543 16.879662 10.256864 0.000000 0.000000 0.000000 0.000000 0.000000 0.000000 0.000000 0.000000 0.000000 0.000000 0.000000 0.000000 0.000000 0.000000 0.000000 0.000000 0.000000 0.000000 0.000000 0.000000 0.000000 0.000000 0.000000 0.000000 0.000000 0.000000 0.000000 0.000000 0.000000 0.000000 0.000000 0.000000 0.000000 0.000000 0.000000 0.000000 0.000000 0.000000 0.000000 0.000000 0.000000 0.000000 0.000000 0.000000 0.000000 0.000000
0.000000 4.702341 8.726638 12.866680 12.739450 13.065483 13.139749 14.334977 14.719774 13.816896 15.034512 16.864768 16.866264 16.893376 16.714853 8.837558 1.217652 0.000000 0.000000 0.000000 0.000000 0.000000 0.000000 0.000000 0.000000 0.000000 0.000000 0.000000 0.000000 0.000000 0.000000 0.000000 0.000000 0.000000 0.000000 0.000000 0.000000 0.000000 0.000000 0.000000 0.000000 0.000000 0.000000 0.000000 0.000000 0.000000 0.000000 0.000000 0.000000 0.000000 0.000000 0.000000 0.000000 0.000000 0.000000 0.000000 0.000000 0.000000 0.000000 0.000000 0.000000
0.000000 0.000000 0.265180 6.435876 12.164890 13.013729 13.471030 16.379224 16.422143 14.288696 13.933549 16.878943 16.869707 16.892382 16.882281 14.525696 11.423526 7.838818 3.944256 0.000000 0.000000 0.000000 0.000000 0.000000 0.000000 0.000000 0.000000 0.000000 0.000000 0.000000 0.000000 0.000000 0.000000 0.000000 0.000000 0.000000 0.000000 0.000000 0.000000 0.000000 0.000000 0.000000 0.000000 0.000000 0.000000 0.000000 0.000299 2.084475 0.000000 0.000000 0.000000 0.000000 0.000000 0.000000 0.000000 0.000000 0.000000 0.000000 0.000000 0.000000 0.000000
0.000000 0.000000 0.000000 0.000000 4.627395 9.387655 12.891961 16.088898 16.411995 16.384421 14.039775 13.553046 16.863033 16.886761 16.872533 16.843780 14.546586 13.388237 9.468649 4.197977 0.000000 0.000000 0.000000 0.000000 0.000000 0.000000 0.000000 0.000000 0.000000 0.000000 0.000000 0.000000 0.000000 0.000000 0.000000 0.000000 0.000000 0.000000 0.000000 0.000000 0.000000 0.000000 0.000000 0.000000 0.000000 0.000000 1.696179 5.000550 0.000000 0.000000 0.000000 0.000000 0.000000 0.000000 0.000000 0.000000 0.000000 0.000000 0.000000 0.000000 0.000000
0.000000 0.000000 0.000000 0.000000 0.000000 1.948034 6.011728 13.319798 14.705843 16.370139 14.640519 14.213845 14.285165 16.883908 16.862761 16.851882 14.979868 15.143303 14.620190 12.135411 4.975881 0.000000 0.000000 0.000000 0.000000 0.000000 0.000000 0.000000 0.000000 0.000000 0.000000 0.000000 0.000000 0.000000 0.000000 0.000000 0.000000 0.000000 0.000000 0.000000 0.000000 0.000000 0.000000 0.000000 0.000000 0.000000 0.000000 4.558812 0.647906 0.000000 0.000000 0.000000 0.000000 0.000000 0.000000 0.000000 0.000000 0.000000 0.000000 0.000000 0.000000
0.000000 0.000000 0.000000 0.000000 0.000000 0.000000 0.000000 0.000000 5.948590 14.443486 14.852886 14.556304 14.953433 14.300867 16.853507 16.832050 16.858822 14.476233 14.962309 13.498670 11.335236 3.207033 0.000000 0.000000 0.000000 0.000000 0.000000 0.000000 0.000000 0.000000 0.000000 0.000000 0.000000 0.000000 0.000000 0.000000 0.000000 0.000000 0.000000 0.000000 0.000000 0.000000 0.000000 0.000000 0.000000 0.000000 0.000000 0.936486 5.745592 6.368071 0.000000 0.000000 0.000000 0.000000 0.000000 0.000000 0.000000 0.000000 0.000000 0.000000 0.000000
0.000000 0.000000 0.000000 0.000000 0.000000 0.000000 0.000000 0.000000 0.000000 1.459951 10.899158 14.515148 14.750305 15.665955 13.816870 16.790094 16.839496 14.959127 15.521216 15.715963 13.895627 10.297614 2.421825 0.000000 0.000000 0.000000 0.000000 0.000000 0.000000 0.000000 0.000000 0.000000 0.000000 0.000000 0.000000 0.000000 0.000000 0.000000 0.000000 0.000000 0.000000 0.000000 0.000000 0.000000 0.000000 0.000000 0.000000 0.000000 0.000000 5.661578 4.960254 0.000000 0.000000 0.000000 0.000000 0.000000 0.000000 0.000000 0.000000 0.000000 0.000000
0.000000 0.000000 0.000000 0.000000 0.000000 0.000000 0.000000 0.000000 0.000000 0.000000 0.000000 3.708785 14.886560 14.398790 15.317994 16.333025 16.820262 16.873553 17.139261 15.053470 15.630396 11.647646 5.377132 0.000000 0.000000 0.000000 0.000000 0.000000 0.000000 0.000000 0.000000 0.000000 0.000000 0.000000 0.000000 0.000000 0.000000 0.000000 0.000000 0.000000 0.000000 0.000000 0.000000 0.000000 0.000000 0.000000 0.000000 0.000000 0.000000 1.646936 9.963502 4.403847 0.000000 0.000000 0.000000 0.000000 0.000000 0.000000 0.000000 0.000000 0.000000
0.000000 0.000000 0.000000 0.000000 0.000000 0.000000 0.000000 0.000000 0.000000 0.000000 0.000000 0.000000 3.484306 14.816542 14.057616 15.489202 14.600355 15.330592 16.742106 17.100173 16.452987 15.490677 6.960448 0.000000 0.000000 0.000000 0.000000 0.000000 0.000000 0.000000 0.000000 0.000000 0.000000 0.000000 0.000000 0.000000 0.000000 0.000000 0.000000 0.000000 0.000000 0.000000 0.000000 0.000000 0.000000 0.000000 0.000000 0.000000 0.000000 5.535472 6.551325 0.000000 0.000000 0.000000 0.000000 0.000000 0.000000 0.000000 0.083646 0.238731 0.000000
0.000000 0.000000 0.000000 0.000000 0.000000 0.000000 0.000000 0.000000 0.000000 0.000000 0.000000 0.000000 0.000000 7.708134 13.997942 15.207756 16.960626 15.621617 16.659435 17.109518 16.219483 15.666377 10.236503 0.000000 0.000000 0.000000 0.000000 0.000000 0.000000 0.000000 0.000000 0.000000 0.000000 0.000000 0.000000 0.000000 0.000000 0.000000 0.000000 0.000000 0.000000 0.000000 0.000000 0.000000 0.000000 0.000000 0.000000 0.154957 6.680826 10.683053 3.652923 0.000000 0.000000 0.000000 0.000000 0.000000 0.000000 0.000000 3.277089 1.876756 1.231001
0.000000 0.000000 0.000000 0.000000 0.000000 0.000000 0.000000 0.000000 0.000000 0.000000 0.000000 0.000000 0.000000 0.536540 11.247144 14.707531 14.377332 15.672098 16.217253 16.215861 15.077026 14.807867 14.068219 1.448198 0.000000 0.000000 0.000000 0.000000 0.000000 0.000000 0.000000 0.000000 0.000000 0.000000 0.000000 0.000000 0.000000 0.000000 0.000000 0.000000 0.000000 0.000000 0.000000 0.000000 0.000000 0.000000 3.192904 6.453673 12.664841 5.302702 0.062620 0.000000 0.000000 0.000000 0.000000 0.000000 0.000000 1.731891 7.185383 3.032209 2.932123
0.000000 0.000000 0.000000 0.000000 0.000000 0.000000 0.000000 0.000000 0.000000 0.000000 0.000000 0.000000 0.000000 1.421854 6.739467 14.823045 14.325321 16.321914 16.810613 15.558882 14.633564 14.422780 13.291077 5.600490 0.000000 0.000000 0.000000 2.172024 0.091319 0.000000 0.000000 0.000000 0.000000 0.000000 0.000000 0.000000 0.000000 0.000000 0.000000 0.000000 0.000000 0.000000 0.000000 0.000000 0.000000 0.000000 3.100991 11.259999 9.246503 1.626490 0.100000 0.000000 0.000000 0.000000 1.658246 1.974418 1.716285 4.578490 8.562342 4.790545 4.641477
0.000000 0.000000 0.000000 0.000000 0.000000 0.000000 0.000000 0.000000 0.000000 0.000000 0.000000 0.000000 0.000000 2.626030 6.375567 13.262116 15.855956 14.820927 15.542994 14.669326 14.817827 15.445773 15.019557 13.098113 4.257038 0.000000 0.000000 5.392198 0.000000 0.000000 0.000000 0.000000 0.000000 0.000000 0.000000 0.000000 0.000000 0.000000 0.000000 0.000000 0.000000 0.000000 0.000000 0.000000 0.000000 1.276256 6.132193 14.166070 8.139726 0.696679 0.162076 0.272930 0.360973 0.685887 2.444019 6.392303 4.662222 8.943569 12.356538 8.569012 10.473338
0.000000 0.000000 0.000000 0.000000 0.000000 0.000000 0.000000 0.000000 0.000000 0.000000 0.000000 0.000000 1.102483 5.231161 8.484131 13.724664 15.344055 14.516529 15.541296 15.184691 15.827628 15.696930 15.872277 14.657070 12.331423 4.292870 3.883995 4.376251 0.000000 0.000000 0.000000 0.000000 0.000000 0.000000 0.000000 0.000000 0.000000 0.000000 0.000000 0.000000 0.000000 0.000000 0.638073 0.477601 0.810226 3.214209 8.931543 14.564959 5.145773 0.558600 0.526567 0.803428 1.943004 2.069449 4.243912 9.142374 9.799936 11.311202 16.558313 17.351619 21.262318
0.000000 0.000000 0.000000 0.000000 0.000035 0.002225 0.074767 2.710540 0.475975 0.000000 0.000000 1.066480 2.339848 5.029171 7.071695 13.540261 15.131627 14.838800 15.909259 16.232398 16.420348 15.705898 15.713130 14.798440 12.908996 10.446099 11.100137 0.000000 0.000000 0.000000 0.000000 0.000000 0.000000 0.000000 0.000000 0.000000 0.000000 0.000000 0.000000 0.000000 0.000000 0.000000 0.284019 5.459933 4.901148 5.977902 8.610852 8.721630 4.976694 5.546476 7.132945 8.065396 7.610773 6.999462 6.962515 9.416550 15.774599 14.949122 22.598054 27.000772 29.696180
0.000000 0.000000 0.000000 0.000000 0.000000 0.000000 0.689978 3.632331 5.701966 4.686031 1.273251 2.886577 4.064991 5.964586 7.649364 11.233863 14.720004 14.984060 15.359020 15.872955 15.925934 15.688827 15.775043 15.695310 14.614352 12.443945 7.348240 0.000000 0.000000 0.000000 0.000000 0.000000 0.000000 0.000000 0.000000 0.000000 0.000000 0.000000 0.000000 0.000000 0.000000 0.000000 0.000000 2.452576 6.594504 12.531712 15.895280 14.054672 6.538364 4.725321 5.091986 12.336048 16.172336 20.313262 19.859858 16.358254 19.315083 21.996502 25.182589 28.902386 29.810190
0.000000 0.000000 0.000000 0.000000 0.000000 0.000000 0.000000 1.609663 4.309366 6.785847 4.243576 9.092169 6.037979 6.219506 7.434318 8.859032 14.213105 15.916515 15.167363 16.570391 15.601862 16.487308 15.618076 16.761324 17.160793 15.397801 11.208556 1.804571 0.000000 0.000000 0.000000 0.000000 0.000000 0.000000 0.000000 0.000000 0.000000 0.000000 0.603873 0.000000 0.000000 0.000000 0.000000 0.852647 4.740308 7.586869 8.495806 16.651676 7.283676 4.203541 6.698228 18.601108 24.052593 28.156710 27.959759 26.613361 23.235133 26.419054 28.162877 28.424099 28.690320
0.000000 0.000000 0.000000 0.000000 0.000000 0.000000 0.000000 0.000000 3.153785 5.157606 7.497113 7.010527 6.755678 8.691514 8.491390 8.947136 14.472616 15.595236 15.311345 16.228894 15.776913 15.802370 15.380908 17.258688 17.399055 16.430243 13.317129 8.245946 3.834006 0.000000 0.000000 0.000000 0.000000 0.000000 3.642868 0.945997 2.803077 4.271322 5.912876 3.450019 0.257083 0.018822 0.052751 0.991431 6.313239 8.057052 10.592444 19.340955 8.593561 5.738117 9.650348 21.729383 28.853536 28.947186 28.877765 28.567473 28.427864 27.648398 27.499614 28.081503 28.556171
0.000000 0.000000 0.000000 0.000000 0.000000 0.000000 0.000000 0.000000 1.961200 3.586392 6.157701 8.360833 10.750678 9.320289 9.622958 13.107638 15.272309 14.785102 15.055470 16.112227 16.437031 17.296396 17.303958 17.328474 17.378315 15.213914 13.468621 12.115942 8.447570 3.002364 0.000000 0.000000 1.326404 1.552210 1.311575 3.893906 6.535174 8.763544 8.468484 7.042566 2.521728 0.721661 0.784601 2.321959 8.491431 12.281714 14.429074 19.565625 6.298284 6.649359 14.665692 24.851726 28.563217 28.572235 28.454149 28.294925 28.618356 27.203724 27.310982 27.622348 27.887800
-9999.000000 -9999.000000 -9999.000000 -9999.000000 -9999.000000 -9999.000000 -9999.000000 -9999.000000 1.362895 3.303000 4.747013 7.200376 8.722477 11.708835 12.665654 10.865601 11.341306 13.047924 15.214944 15.623011 16.114423 16.797495 17.310741 17.311699 17.344059 17.307938 15.373180 14.431475 12.183538 7.839733 0.971652 0.765908 0.841106 0.865959 4.524280 7.818347 11.171825 11.508521 11.644369 10.135717 6.991668 4.634791 3.390737 4.279665 10.461636 14.409142 18.752048 14.901769 8.257369 8.129930 17.348493 26.165366 27.586843 27.782420 27.713129 27.622278 28.111255 26.333013 26.489376 26.769290 26.922854
-9999.000000 -9999.000000 -9999.000000 -9999.000000 -9999.000000 -9999.000000 -9999.000000 -9999.000000 -9999.000000 -9999.000000 4.325520 6.551350 7.392211 8.653456 9.535957 9.736294 11.444332 14.633183 17.155566 15.814422 16.560207 16.521461 17.073786 17.284258 17.335766 17.320610 16.198175 16.463893 14.604628 11.795417 5.175314 1.575863 2.111428 3.638681 8.103365 10.373018 14.135822 15.114354 13.695223 14.904380 15.463965 15.356211 13.362114 11.493220 12.130988 17.319353 19.053525 12.206931 13.371393 11.661055 22.288149 26.187520 26.535508 26.854916 26.769370 26.631393 26.040017 25.399403 25.138760 25.687081 25.478353
-9999.000000 -9999.000000 -9999.000000 -9999.000000 -9999.000000 -9999.000000 -9999.000000 -9999.000000 -9999.000000 3.067167 5.215897 6.473810 7.447741 7.520234 8.123743 9.114417 11.486392 16.046517 17.083128 15.388860 15.756211 13.534556 12.829280 15.693168 17.502133 17.482091 17.484801 16.147675 16.059821 15.749295 11.131266 4.153584 4.522269 6.575023 11.585237 12.921571 16.728128 20.577139 19.686773 21.663110 22.458814 22.308860 20.723659 18.329200 18.606583 20.800771 20.511246 25.038338 23.423230 21.599001 24.166614 25.920316 26.084810 25.854355 26.444298 25.413215 24.553400 23.589370 23.549558 23.823152 20.353246
-9999.000000 -9999.000000 -9999.000000 -9999.000000 -9999.000000 -9999.000000 -9999.000000 -9999.000000 -9999.000000 4.556745 5.307890 6.941686 7.588048 7.577577 8.062687 8.624462 10.427913 16.796229 17.219096 16.302324 15.258332 15.718923 16.258712 15.185609 13.451460 14.283175 14.381720 13.817714 13.451527 17.010475 12.777015 7.588772 7.190127 9.708159 12.390222 16.604218 23.676197 23.354695 23.025475 22.939513 23.083216 23.187043 23.163855 22.358551 22.532448 23.169911 24.822433 25.556167 24.897638 24.448868 25.432450 25.925411 25.973686 25.932632 25.243888 24.685634 24.040428 22.685814 20.348145 15.350893 9.898888
-9999.000000 -9999.000000 -9999.000000 -9999.000000 -9999.000000 -9999.000000 -9999.000000 -9999.000000 -9999.000000 4.738658 5.714773 6.280172 7.635711 7.702701 9.380976 9.279973 10.362321 17.372774 17.108844 14.428214 16.012099 15.900542 16.965892 16.485019 15.919274 15.956025 16.700031 15.770277 16.081854 16.219058 14.653275 10.570708 10.058708 11.895103 13.673230 21.043483 24.012058 23.245684 22.996850 22.791856 23.007092 23.309895 24.051134 23.660154 23.095969 23.858363 24.802030 25.595778 25.643897 25.427299 25.596555 25.593112 25.511858 25.204365 25.367980 24.250005 21.878562 19.467648 13.565672 7.474912 3.243974
-9999.000000 -9999.000000 -9999.000000 -9999.000000 -9999.000000 -9999.000000 -9999.000000 -9999.000000 3.150817 5.650895 5.819761 6.166003 7.923607 8.498055 11.290027 8.452295 10.918407 16.021185 16.899776 14.249923 14.053957 15.402230 16.909705 17.453811 17.162499 16.777006 16.549491 15.983301 16.206265 16.452175 15.700476 13.247026 13.691217 15.218577 20.425533 21.722831 22.819943 22.618828 22.703498 22.480027 22.313566 23.759481 23.998975 23.754712 23.900130 24.576866 25.159038 24.855925 26.237459 26.192314 25.814787 25.626811 26.019773 25.058734 22.931304 21.567975 19.168467 11.846826 5.124959 4.545684 2.622025
