HiPIMS_Class/input/mesh/DEM.txt
ncols    574
nrows    327
xllcorner    499835.000000
yllcorner    204915.000087
cellsize    100.000000
NODATA_value    -9999
[rows 231 to 263 of 327, columns 300 to 374 of 574]
69.97 65.66 74.75 74.74 74.24 76.84 77.69 75.73 72.41 71.09 71.12 66.82 61.46 54.57 47.42 43.17 42.12 41.58 41.29 41.9 49.79 71.13 71.99 69.14 67.68 64.43 57.02 52.07 47.35 41.96 38.3 37.66 37.63 47.74 57.78 61.36 63.99 64.53 64.72 64.12 63.35 61.97 60.9 58.87 58.08 44.62 42.79 38.9 37.61 36.48 36.49 36.34 35.44 35.28 35.43 34.93 34.53 34.39 35.37 36.07 36.92 36.7 35.78 34.09 35.14 36.91 42.97 49.68 54.93 57.35 58.2 60.09 63.32 64.76 66.5
65.63 67.83 73.99 73.63 72.76 74.14 74.6 72.98 72.35 71.54 69.43 63.25 56.93 49.62 44.97 41.64 41.29 41.52 41.42 41.4 49.09 72.17 71.36 68.45 66.81 63.42 60.71 56.69 50.66 42.49 37.97 37.25 37.11 46.41 55.4 61.99 63.82 63.72 63.23 62.57 61.76 61.2 60.53 58.42 50.9 42.19 37.19 36.58 36.05 35.47 35.56 35.68 33.72 35.01 34.37 33.92 33.56 34.33 34.93 35.06 35.07 35.49 35.13 33.33 33.55 34.1 37.9 44.73 53.2 60.26 63 65.64 66.57 66.91 67.6
61.47 70.92 73.96 73.85 72.59 69.12 69.5 68.56 70.02 69.05 64.61 59.45 53.09 46.64 43.2 40.65 40.95 41.5 40.63 43.56 62.43 72.47 71.78 69.91 67.23 66.01 63.52 59.34 53.33 44.25 37.41 37.15 37.17 44.78 53.09 60.7 62.81 63.26 61.62 61.45 60.44 58.77 56.01 49.83 43.15 41.27 36.23 35.65 34.98 34.46 34.53 34.66 33.02 33.56 34.08 34.07 33.12 33.56 32.89 33.03 34.12 33.76 33.38 33.17 33.3 33.15 31.9 35.3 44.79 57.07 61.93 65.3 65.77 67.75 68.87
57.6 62.18 74.69 77.32 73.31 77.28 62.14 61.62 65.19 59.81 52.39 51.41 49.68 43.44 40.61 40.68 40.44 46.79 50.93 70.32 71.54 71.99 71.42 70.36 68.02 66.79 63.53 59.5 54.24 47.22 39.07 37.14 37.08 39.22 47.63 56.76 61.82 62.39 59.75 59.95 59.69 58.06 46.39 42.67 36.2 36.01 35.36 34.65 34.15 34.17 34.24 34.23 33.84 34.04 35.31 36.04 34.91 34.3 34.08 33.45 33.51 34.88 33.9 33.3 32.64 32.32 30.42 32.96 36.25 46.52 53.13 61.95 63.57 68.71 70.47
62.91 56.22 65.66 73.98 76.57 71.55 66.78 64.19 55.6 50.13 44.99 44.28 42.39 40.86 40.53 40.9 46.98 64.72 68.73 70.44 70.75 71.83 71.43 70.49 68.63 66.69 63.16 59.23 54.89 49.77 42.43 38.34 36.89 36.43 40.04 49.25 60.23 62.15 56.73 58.6 57.19 49.65 41.5 35.46 35.2 34.47 34.27 34.51 34.44 34.52 34.28 34.7 34.79 34.54 33.34 34.53 36.16 39.06 36.46 34.3 34.26 34.04 33.59 33.69 33.8 32.04 30.42 30.73 33.27 39.31 50.61 57.23 67.39 69.25 71.02
64.94 57.58 58.61 72.23 71.39 71.53 68.68 64.22 55.36 48.22 54.25 54.45 42.46 40.07 40.41 41.25 47.02 60.75 68.65 69.92 70.43 70.86 71.43 70.55 69.06 65.07 61.37 57.82 54.58 50.6 46.54 41.49 37.3 36.61 36.36 36.67 39.03 41.35 37.67 40.64 44.51 38.29 35.66 34.85 34.51 34.6 34.4 34.93 34.1 35.55 33.49 33.35 34.57 33.92 36.79 44.43 49.06 49.46 48.46 44.07 37.59 34.73 33.07 33.32 33.51 33.37 32.92 30.42 30.47 32.29 38.93 48.86 65.33 69.92 70.74
66.04 58.82 55.67 69.88 69.89 69.43 65.42 59.71 51.35 48.37 64.89 56.57 46.02 40.03 40.36 40.93 44.73 52.68 66.04 60.72 68.65 70.58 70.92 70.06 68.2 65.26 63.92 61.11 56.64 51.99 49.1 45.39 40.99 37.05 36.22 35.2 34.38 34.99 34.68 34.69 34.67 34.76 35.17 34.44 34.49 34.58 34.53 35.56 35.57 33.22 36.3 33.62 34.04 39.77 53.05 59.77 64.47 61.34 57.81 50.29 42.39 36.45 33.1 34.33 32.74 32.77 32.53 30.95 30.42 31.01 32.98 39.26 51.88 66.66 66.81
69.04 61.53 53.18 60.65 61.52 63.05 60.88 54.69 49.38 58.91 58.51 58.7 48.97 40.8 40.08 39.83 40.99 43.8 54.15 58.04 68.21 70.73 70.44 69.49 68.44 67.69 68 64.28 59.72 53.56 50.33 47.57 45.69 37.52 36.31 35.38 34.57 34.41 34.82 34.92 34.88 34.65 34.52 34.55 34.47 34.38 34.63 34.41 33.82 33.51 33.6 34.02 43.28 44.37 66.27 67.52 67.72 66.02 64.6 60.98 44.19 40.55 35.44 33.85 32.4 32.52 32.45 32.48 31.27 30.42 31.67 31.06 38.93 52.85 59.02
71.35 66.34 60.81 53.53 52.93 51.04 52.37 51.61 59.8 65.57 64.06 67.9 60.72 45.44 40.76 39.8 39.37 39.37 40.08 52.99 68.63 70.06 69.77 69.46 68.72 68.31 68.79 67.08 64.01 59.63 55.38 49.83 37.59 36.75 36.11 35.39 35.13 34.96 34.85 35.04 35.06 35.05 35.02 34.6 34.53 35.41 34.74 34.51 34.53 37.79 48.32 55.2 53.18 65.97 67.55 68.82 68.37 67.79 66.54 59.88 51.43 47.12 40.09 34.6 33.07 32.33 31.61 31.62 32.64 30.46 30.42 30.36 30.89 37.49 46.8
72 70.46 67.29 57.46 64.34 60.77 56.5 66.81 69.17 65.79 69.43 70.05 66.04 54.06 46.47 39.5 39.26 39.65 39.65 39.18 65.86 69.64 69.27 68.55 68.75 69.14 69.24 68.17 66.98 60.4 44.52 36.65 36.58 36.51 36.38 35.32 35.88 35.66 35.53 35.25 35.38 35.59 35.64 35.89 36.34 34.75 34.31 34.37 42.32 48.77 63.5 67.01 65.73 64.94 67.26 68.91 68.73 68.7 66.57 66.94 62.49 55.91 44.65 35.62 34.39 32.98 32.56 31.6 31.22 32.14 31.18 30.42 30.58 29.6 35.13
68.41 67.58 61.04 68.6 70.98 69.77 66.27 67.92 68.9 67.13 71.23 71.13 68.84 62.72 54.18 47.67 45.09 40.75 39.78 39.5 58.95 64.25 67.06 67.68 67.33 68.28 68.15 67.58 63.36 39.63 36.65 36.51 36.59 36.28 36.4 36.69 36.59 36.31 36.38 36 35.21 35.11 35.79 35.64 36.52 36.08 39.17 45.61 47.61 63.87 69.71 69.8 68.09 66.51 68.54 68.97 68.95 69.35 69.6 68.89 67.43 65.99 58.17 41.59 35.08 33.11 32.74 32.02 30.43 31.58 32.57 31.81 31.12 30.42 31.63
71.1 70.12 69.55 72.85 72.49 71.81 70.45 70.9 70.25 69.64 71.86 71.46 71.05 66.98 56.84 51.62 47.95 42.1 39.29 39.38 51.65 64.77 62.08 64.75 66.61 67.24 65.28 51.1 37.18 37.08 36.66 36.66 37.04 36.93 37.29 37.36 37.3 37.04 37.14 37.41 37.51 37.34 37.36 37.73 40.23 45.52 50.96 55.36 67.74 68.88 61.82 71 69.93 69.61 68.79 69.76 69.34 69.83 69.38 69.35 68.44 65.09 50.57 44.66 40.44 33.77 33.01 30.59 30.25 30.25 32.22 32.19 31.93 30.57 31.36
74.1 72.86 73.45 72.83 72.44 72.37 71.05 71.58 71.17 70.73 71.88 71.72 71.52 68.54 60.51 54.28 49.33 43.55 39.58 39.46 43.24 54.56 56.81 64.96 66.7 65.38 38.15 37.43 37.31 37.52 36.73 36.98 37.07 37.45 37.57 37.51 38.09 37.96 38.11 38.48 38.14 39.67 41.78 45.99 49.78 54.26 59.12 69.82 69.32 70.43 70.43 64.36 70.32 70.63 70.19 69.33 68.77 69.94 69.91 69.8 68.3 67.02 66.53 61.84 44.97 37.6 33.55 30.25 30.25 32.39 32.17 32.36 31.91 32.2 30.42
74.51 71.9 69.37 70.45 72.68 72.55 72.71 72.35 72.15 71.88 71.8 71.51 71.21 69.26 62.37 58.1 51.79 45.67 40.13 39.22 40.05 43.56 48.22 56.6 64.08 42.82 37.47 37.27 37.5 37.85 37.26 37.09 37.19 37.58 37.43 38.45 38.58 38.86 38.84 39.39 40.1 41.01 43.52 49.61 58.08 69.91 69.62 69.69 70.63 70.8 70.53 71.37 65.61 71.34 70.32 69.17 68.38 69.65 69.26 69.83 69.76 68.98 68.87 63.78 56.37 45.94 36.36 33.19 31.67 32.17 32.48 32.19 31.95 31.19 31.96
74.44 74.12 73.49 68.15 72.61 73.6 73.58 73.41 73.09 72.56 72.13 71.65 71.15 68.62 68.48 61.55 57.14 45.69 40.04 40.36 40.66 41.13 41.64 42.19 41.86 39.22 38.15 37.66 37.72 37.8 39.63 40.34 39.95 39.81 40.13 40.12 39.63 39.75 40.63 41.75 47.27 44.02 43.31 48.41 65.86 69.63 69.51 70.25 70.55 70.28 71.16 71.72 71.86 66.53 69.55 67.55 64.26 62.99 67.77 69.47 69.72 69.34 69.56 68.98 66.83 61.93 46.55 36.76 32.9 32.75 32.47 32.2 32.24 31.84 31.26
69.67 70.69 71.51 67.94 70.61 73.29 73.54 73.68 73.19 72.64 72.13 72.11 71.75 70.98 63.38 62.21 54.69 49.48 40.92 40.81 39.22 39.26 39.06 39.28 39.13 38.3 38.72 38.38 37.53 38.17 41.84 40.56 40.78 40.37 40.68 40.62 40.89 41.66 45.64 55.29 58.11 45.15 48.84 56.08 67.99 68.3 67.93 67.78 66.87 66.62 70.09 70.75 70.59 69.77 65.63 69.13 65.86 64.58 61.23 61.44 68.3 68.9 68.88 69.15 68.19 67.12 64.58 40.8 36.81 32.61 32.74 32.38 32.31 31.06 30.71
70.07 66.66 66.79 66.97 68.03 69.63 73.62 73.47 73.03 72.58 72.23 72.01 71.83 70.83 69.32 65.88 63.82 60.85 48.21 40.26 39.34 39.34 38.56 38.7 38.43 38.9 39.71 39.15 38.13 39.45 40.86 41.57 41.85 41.3 41.25 40.97 43.48 46.87 52.05 62.64 52.39 46.35 56.31 68.79 67.8 66.4 64.81 64.42 64.84 68.25 70.65 71.53 71.1 70.6 71.09 69.37 64.59 67.33 67.08 61.46 60.29 62.13 65.33 67.97 67.59 65.59 62.28 59.34 45.21 39.04 33.31 32.46 31.96 29.01 29.01
64.71 65.77 66.65 68.01 67.9 68.45 73.1 73.05 72.53 71.88 72.04 71.93 71.15 70.48 70.58 68.14 65.21 61.23 50.51 49.31 43.46 39.42 38.22 38.17 39.5 40.48 39.03 39.02 38.73 39.96 40.99 41.43 41.87 41.03 41.5 44.25 48.54 55.82 57.73 59.9 48.54 47.34 63.43 66.43 64.63 63.45 63.5 65.96 68.58 71.24 71.64 71.31 71.85 72.22 73 72.52 71.82 63.48 67.4 65.43 61.95 59.87 56.7 60.1 60.24 59.61 58.06 55.87 52.66 46.14 40.82 36.07 32.56 29.3 29.01
56.24 59.39 61.02 64.87 65.16 68.69 69.64 68.38 70.53 70.12 71.17 71.75 71.02 69.93 69.49 67.58 64.3 58.4 49.47 48.22 43.71 41.08 39.92 39.54 40.2 39.79 39.81 39.35 39.71 40.47 42.19 42.55 43.31 44.29 46.4 54.98 59.44 60.76 59.73 58.22 57.16 57.05 51.02 62.98 63.27 65.55 69.58 67.44 70.9 72.4 72.68 73.73 73.42 75.12 75.94 76.11 76.28 74.94 72.26 61.11 66.38 62.16 56.51 54.75 55.18 54.38 53.7 53.22 51.38 49.81 47.38 43.47 39.42 32.1 30.75
46.09 47.64 48.94 50.71 51.34 52.66 54.71 56.83 59.47 65.62 68.28 68.35 68.06 67.81 65.05 63.69 60.89 52.85 50.32 43.81 40.61 40.53 40.66 40.34 40.66 39.38 40.21 40.65 41.61 42.85 44.19 45.77 47.44 50.05 55.77 63.57 64.68 61.5 61.12 62.18 60.51 58.55 56.08 54.71 63.87 65.94 68.44 70.9 71.78 73.71 75.43 77.07 79.22 80.43 81.11 81.05 81 79.82 76.56 69.32 59.54 59.1 55.59 53.53 52.52 52.66 52.46 51.95 51.26 50.75 51.32 51.61 49.07 46.14 39.41
42.05 42.05 42.21 42.77 42.8 43.29 44.83 45.99 48.08 48.66 53.36 56.55 57.96 57.21 53.92 53.53 48.47 45.39 50.42 40.38 39.86 39.43 40.11 39.49 39.52 41.27 41.66 42.81 43.75 45.91 45.38 47.89 51.6 59.04 65.02 62.37 66.63 60.4 64.77 62.9 66.94 62.94 65.33 55.15 59.92 66.07 69.23 69.24 70.77 75.15 78.07 81.44 83.43 85.47 85.75 85.4 84.58 82.56 77.01 69.27 62.22 58.64 54.84 52.65 52.05 51.96 52.02 51.12 51.44 51.67 54.94 57.83 58.96 62.72 63.07
43.42 42.05 42.05 42.05 42.87 46.4 42.64 42.33 42.78 42.99 43.05 43.29 45.44 45.65 42.44 42.32 42.67 41.98 48.15 40.41 39.97 39.66 39.88 39.66 42.71 46.05 45.3 46.12 48.8 49.4 47.4 50.93 59.19 64.85 66.68 66.88 65.72 63.15 63.76 67.9 68.88 69.72 68.36 60.55 58.89 61.82 62.89 67.25 71.1 76.5 79.94 83.08 86.3 87.39 88.65 86.99 82.39 78.96 71.83 65.4 60.42 56.56 57.07 52.27 51.11 49.81 51.03 50.66 52.08 55.48 60.11 61.64 65.58 65.93 64.5
47.73 45.35 44.58 43.21 44.52 42.65 42.4 42.55 42.59 41.59 41.26 41.18 40.87 41.31 41.57 41.18 41.05 40.77 44.35 40.2 40.06 39.89 39.76 47.04 51.25 50.6 49.99 53.07 54.31 53.63 51.29 48.62 64.6 66.15 66.45 66.66 62.97 61.22 60.47 60.36 66.3 67.91 67.56 63.29 61.11 63.56 61.88 66.22 71.62 73.01 73.32 76.53 81.35 85.96 88.43 80.36 72.7 69.33 64.92 62.61 58.68 55.82 54.81 53.99 50.51 49.32 49.46 50.5 52.05 56.19 62.62 64.24 63.77 61.4 59.48
69.29 68.09 62.55 54.22 46.5 46.82 45.35 42.98 42.29 41.42 41.07 41.96 41.14 41 40.71 40.42 40.12 40.21 40.43 39.72 39.61 39.75 44.08 60.2 64.26 62.17 60.29 62.08 65.26 63.49 53.2 50.39 62.47 65.17 66.52 66.39 64.99 65.66 66.13 64.61 66.15 67.83 68.26 63.94 64.08 69.52 71.75 67.42 66.78 70.63 76.3 84.97 89.07 91.27 88.96 81.77 72.6 67 63.8 61.86 59.18 56.49 54.12 53.99 51.65 49.07 48.31 49.84 53.11 56.57 56.5 59.56 58.41 56.87 53.8
63.89 68.75 59.31 60.6 56.36 58.95 55 48.6 46.35 46.2 46.19 44.72 42.81 41.65 42.42 42.25 41.66 40.98 41.67 42.41 40.87 39.55 43.07 63.32 65.87 64.46 65.4 65.35 65.33 64.78 51.85 59.46 65.86 66.5 66.58 66.95 67.49 67.7 67.61 67.05 66.13 68.01 68.52 67.19 63.48 70.63 74.35 73.73 70.52 73.26 80.03 88.75 93.87 94.96 92.18 85.97 77.5 70.15 64.96 61.3 58.43 58.25 55.99 53.21 54.91 49.66 47.76 49.29 51.16 53.31 55.12 55.22 53.52 52.21 51.45
65.54 65.48 69.1 66.6 62.5 61.17 57.17 53.96 52.24 51.21 50.85 47.8 43.86 44.35 47.17 46.71 47.2 46.63 46.23 52.03 42.15 39.6 40.02 56.06 64.07 62.44 65.72 66.34 66.19 63.46 52.09 64.2 67.54 67.93 68 68.94 69.39 68.53 67.26 66.27 65.82 66.36 67.13 68.75 65.42 68.38 74.52 76.44 73.59 75.39 81.94 89.88 95.34 95.67 93.84 85.21 77.48 69.27 64.79 62.4 62.1 64.73 60.5 56.26 53.76 49.67 49.19 48.15 50.55 51.64 51.9 52.04 50.78 49.65 49.75
70.47 69.72 67.83 67.08 64.93 64.25 62.5 58.07 54.36 51.98 49.71 44.77 46.32 48.78 50.17 50.6 50.72 50.42 50.94 49.3 44.4 39.29 41.21 45.11 57.72 64.56 66.92 67.06 66.1 62.61 52.11 65.5 66.97 68.61 69.36 69.43 69.55 69.41 68.09 66.99 66.95 67.77 68.74 70.64 68.66 65.87 73.83 78.04 77.56 78.16 83.98 92.08 95.67 94.84 90.46 82.59 73.61 71.61 67.56 64.69 66.2 68.09 66.9 62.37 55.49 56.34 47.97 46.2 48.75 49.12 49.37 49.03 48.92 48.04 48.75
70.82 70.31 68.27 69.1 68.74 66.73 63.98 59.32 55.24 52.65 47.39 46.62 51.29 51.81 51.86 52.26 52.27 54.75 53.84 51.72 47.57 40.66 41.38 45.79 60.01 67.01 68.08 67.78 66.22 63.24 55.18 58.42 63.76 67.61 69.58 69.53 69.57 68.3 68.02 67.99 68.49 69.22 69.94 70.72 71.64 69.21 73.45 76.79 78.61 82.11 86.27 93.48 95.36 93.92 84.86 82.58 80.12 81.84 76.15 70.69 69.55 71.23 68.78 64.22 54.67 55 50.39 46.85 45.39 46.39 46.1 47.65 46 46.3 47.56
70.07 70.19 69.02 69.8 69.06 67.06 62.93 58.18 54.78 50.3 48.45 51.06 52.48 52.74 53.32 54.26 57.28 59.97 59.47 54.07 54.4 40.46 41.22 50.34 63.14 66.53 67.94 67.84 66.13 62.74 63.42 59.15 61.3 67.64 69.62 69.32 69.31 69.68 69.26 68.76 69.4 70.3 71.09 71.76 72.41 70.78 72.87 77.76 78.42 80.5 85.27 91.71 95.11 92.52 92.76 89.4 89.66 88.1 82.97 78.79 75.79 71.74 65.31 60.24 58.14 58.9 58.1 51.36 49.09 44.61 42.95 45.05 45 42.43 44.65
66.26 70.64 70.71 69.43 67.35 66.2 63 57.24 50.96 48.41 53.38 53.32 53.72 54.06 55.1 58.38 61.87 61.31 58.24 46.02 45.61 41.85 42.24 50.93 61.22 66.39 67.57 67.33 66.12 65.5 66.62 61.55 62.73 68.92 70.35 70.93 70.83 70.54 70.94 70.8 70.97 71.49 72.08 72.73 73.23 72.94 73.91 79.22 80.69 81.18 84.36 91.53 95.32 96.69 97.57 95.36 94.83 90.35 84.4 80.15 71.51 65.62 64.19 63.71 63.61 64 63.16 56.93 51.48 49.13 47.61 45.65 44.37 41.43 39.33
59.83 67.28 68.37 68.63 66.35 61.79 59.35 52.01 51.08 52.15 56.45 54.81 54.82 55.57 58.78 60.48 59.9 53.13 46.12 41.95 42.16 43.79 42.87 49.77 60.61 65.89 67.69 67.11 66.32 68.25 68.09 60.27 65.34 70.34 71.48 71.53 71.43 71.59 71.9 72.01 71.9 72.55 73.12 73.71 73.76 74.24 74.19 78.06 78.7 81.86 85.28 90.21 96.12 98.79 99.44 98.28 95.77 88.99 79.99 73.5 69.22 71.93 74.38 72.4 71.84 71.26 62.16 56.06 54.43 55.29 55.73 51.23 47.52 43.56 40.78
55.18 54.39 54.47 63.17 59.14 52.41 51 54.63 53.87 59.79 60.55 57.18 55.83 55.25 54 49.38 43.76 41.43 41.53 41.56 41.98 56.22 48.56 45.83 49.22 64.33 65.64 66.36 67.29 68.68 68.11 63.75 63.11 67.86 70.61 70.88 71.42 72.29 72.69 72.93 73.12 73.65 74.17 74.7 75.03 75.96 76.99 78.57 82.21 83.19 87.61 92.19 97.78 99.68 99.67 98.31 96.75 91.54 82.93 77.85 79.21 83.85 84.32 80.96 78.35 73.95 60.36 60.65 63.36 63.2 63.61 54.39 48.73 45.26 42.05
64.7 62.89 57.17 54.8 56.36 59.93 63.78 65.71 66.25 63.43 60.66 56.02 49.22 46.38 44.22 43.38 41.89 42.36 43.21 45.22 45.68 50.94 53.78 54.65 45.66 51.46 56.16 64.49 67.72 68.81 69.51 67.72 65.56 62.48 69.57 68.96 70 72.25 72.89 73.61 74.34 73.23 73.78 74.67 75.78 76.97 78.34 79.84 84.17 85.8 89.75 95.35 97.7 99.52 99.48 97.4 97.86 94.32 87.87 84.59 86.6 87.63 85.1 82.85 79.54 74.16 66.26 62.9 68.96 67.16 63.36 55.83 49.94 45.51 42.99
