HiPIMS_Class/input/mesh/DEM.txt
ncols    574
nrows    327
xllcorner    499835.000000
yllcorner    204915.000087
cellsize    100.000000
NODATA_value    -9999
[rows 264 to 296 of 327, columns 300 to 374 of 574]
65.37 62.31 62.88 63.04 67.84 69.65 67.55 68.7 67.65 61.89 56 48.39 43.77 42.52 43.29 42.31 42.96 42.86 44.67 49.1 54.07 59.87 55.31 58.56 50.9 48.59 56.03 63.28 67.55 69.11 69.49 69.13 69.45 67.42 63.5 65.07 66.16 69.21 71.23 73.49 73.43 72.72 73.03 73.61 74.99 76.3 78.16 80.38 83.77 86.63 91.46 95.47 98.07 99.63 -9999 -9999 -9999 95.11 -9999 -9999 -9999 -9999 -9999 -9999 -9999 -9999 -9999 -9999 -9999 -9999 -9999 -9999 -9999 -9999 42.6
66.76 66.72 67.49 73.87 71.98 69.86 66.78 66.53 62.92 56.36 46.42 42.28 42.84 42.52 42.84 43.74 46.91 45.37 46.86 57.1 61.37 63.8 58.05 57.71 52.92 57.51 49.26 58.64 65.22 68.1 69.86 70.71 70.84 69.42 68.96 68.75 68.85 67.54 68 70.57 71.45 70.67 70.9 72.65 73.74 75.55 77.98 80.86 83.74 86.76 90.07 93.94 97.93 99.9 -9999 -9999 -9999 -9999 -9999 -9999 -9999 -9999 -9999 -9999 -9999 -9999 -9999 -9999 -9999 -9999 -9999 -9999 -9999 -9999 -9999
70.96 72.3 76.03 80.46 78.2 71.11 63.48 61.41 52.78 43.91 42.29 42.43 43.28 43.96 44.98 49.29 52.56 48.82 45.6 57.13 63.88 64.72 64.12 59.06 59.56 60.49 51.15 58.05 62.53 66.21 69.28 70.68 70.8 71.04 71.23 71.57 71.9 71.42 69.63 69 69.89 70.62 71.55 72.26 72.74 74.58 78.5 82.62 85.71 88.3 91.14 95.14 97.92 -9999 -9999 -9999 -9999 -9999 -9999 -9999 -9999 -9999 -9999 -9999 -9999 -9999 -9999 -9999 -9999 -9999 -9999 -9999 -9999 -9999 -9999
73.06 73.18 78.74 80.1 78.17 67.78 60.21 51.36 43.56 42.65 42.41 42.15 44.1 46.83 51.87 53.2 53.66 54.3 47.56 49.79 61.71 64.81 62.79 59.61 62.56 63.63 55.57 55.17 64.64 67.03 67.8 70.5 70.84 71.28 72.02 72.48 72.96 72.4 71.5 71.11 71.82 72.23 73.08 73.59 74 75.88 79.84 83.96 87.19 90.25 94 97.53 -9999 -9999 -9999 -9999 -9999 -9999 -9999 -9999 -9999 -9999 -9999 -9999 -9999 -9999 -9999 -9999 -9999 -9999 -9999 -9999 -9999 -9999 -9999
72.33 72.08 69.77 80.68 67.42 61.84 53.22 45.08 42.62 42.78 43.05 43.36 48.83 50.07 53.09 54.84 58.49 60.28 53.16 46.64 59.19 64.46 61.91 60.34 66.33 67.7 62.59 52.46 59.82 60.78 65.19 67.59 68.69 70.34 71.93 72.95 73.67 73.66 73.31 73.18 73.69 74.1 74.57 75.21 75.84 77.78 81.55 84.88 88.11 91.48 95.34 97.69 -9999 -9999 -9999 -9999 -9999 -9999 -9999 -9999 -9999 -9999 -9999 -9999 -9999 -9999 -9999 -9999 -9999 -9999 -9999 -9999 -9999 -9999 -9999
70.25 68.43 67.47 70.09 63.53 56.01 45.21 43.06 42.93 42.7 42.56 46.09 52.55 53.4 53.44 57.68 62.07 63.44 60.55 50.26 53.34 62.96 62.14 64.06 68.29 69.28 65.66 55.66 62.68 66.42 68.25 68.09 69.45 70.73 71.88 73.03 74.5 74.55 74.57 74.73 74.81 74.91 75.52 76.8 78.09 79.23 82.39 85.72 88.79 92.03 95.67 98.44 -9999 -9999 -9999 -9999 -9999 -9999 -9999 -9999 -9999 -9999 -9999 -9999 -9999 -9999 -9999 -9999 -9999 -9999 -9999 -9999 -9999 -9999 39.29
73.57 67.26 62.41 60.33 55.59 46 43.57 43.13 42.6 42.45 43.56 48.32 54.83 56.37 55.79 60.4 64.41 64.55 62.02 51.79 51.09 62.98 64.58 63.69 67.51 70.11 67 60.93 57.9 66.79 70.3 71.41 72.02 72.46 72.8 73.36 73.57 74.55 75.15 75.4 75.48 75.6 76.61 78.05 79.23 80.42 83.63 86.15 89.11 92.58 95.93 -9999 -9999 -9999 -9999 -9999 -9999 -9999 -9999 -9999 -9999 -9999 -9999 -9999 -9999 -9999 -9999 -9999 -9999 -9999 -9999 -9999 -9999 -9999 38.66
69 65.37 60.73 53.41 48.41 43.78 43.85 43.64 42.86 43.71 47.89 55.07 60.08 61.08 61.71 62.54 64.99 65.36 61.88 52.95 52.72 64.34 66.55 65.19 69.86 70.37 68.78 64.44 55.32 63.08 70.23 72.25 72.89 73.37 73.65 72.8 72.79 74.22 74.96 75.58 75.81 76.33 77.08 78.3 80.42 81.62 84.61 87.51 88.99 92.58 96.06 -9999 -9999 -9999 -9999 -9999 -9999 -9999 -9999 -9999 -9999 -9999 -9999 -9999 -9999 -9999 -9999 -9999 -9999 -9999 -9999 -9999 -9999 39.44 39.13
65.37 61.26 55.79 47.46 43.82 43.32 43.32 43.16 43.07 56.39 58.76 62.05 64.38 66.37 63.81 64.53 66.4 66.2 62.85 53.56 56.1 66.19 66 66.65 71.46 71.54 70.93 67.83 62 59.77 68.75 71.4 72.42 72.83 72.33 72.01 71.7 72.82 73.65 74.85 74.86 75.51 76.56 78.14 80 82.69 85.22 88.71 91.56 94.57 -9999 -9999 -9999 -9999 -9999 -9999 -9999 -9999 -9999 -9999 -9999 -9999 -9999 -9999 -9999 -9999 -9999 -9999 -9999 -9999 -9999 -9999 -9999 38.8 38.74
61.36 56.63 49.16 45.04 43.56 43.27 43.27 43.31 53.67 63.96 63.99 65.74 67.16 66.48 65.19 64.76 67.71 67.67 62.57 53.2 59.04 67.8 66.42 66.89 71.41 71.3 70.02 66.18 62.34 58.01 63.2 67.59 68.41 69.51 68.82 66.11 69.87 68.91 69.59 71.33 73.04 74.25 76.04 77.98 79.95 82.37 85.71 89.13 92.04 94.7 -9999 -9999 -9999 -9999 -9999 -9999 -9999 -9999 -9999 -9999 -9999 -9999 -9999 -9999 -9999 -9999 -9999 -9999 -9999 -9999 -9999 -9999 -9999 39.07 37.65
61.03 57.83 46.23 43.37 44.25 43.64 43.5 47.22 63.13 67.69 67.58 69.61 70.09 68.09 65.77 68.29 68.94 66.98 59.63 52.17 64.87 69.93 68.06 67.47 70.64 71.13 69.78 69.56 66.15 64.79 60.63 61.92 60.23 61.96 64.18 70.52 70.81 71 69.9 70.3 71.75 72.85 75.92 78.38 80.26 83.01 86.38 90.65 92.9 95.32 -9999 -9999 -9999 -9999 -9999 -9999 -9999 -9999 -9999 -9999 -9999 -9999 -9999 -9999 -9999 -9999 -9999 -9999 -9999 -9999 -9999 -9999 -9999 38.15 37.39
54.95 46.21 44 43.07 45.39 49.13 59.88 62.16 66.67 72.05 71.1 72.79 72.29 68.79 66.84 68.67 70.03 65.65 55.69 56.17 65.34 68.44 67.24 68.71 71.18 72.53 72.1 70.98 69.33 67.4 64.42 68.01 68.77 65.93 63.85 69.87 72.45 73.71 72.64 72.55 72.95 74.74 75.91 77.93 81.24 83.67 87.14 91.51 93.46 94.69 -9999 -9999 -9999 -9999 -9999 -9999 -9999 -9999 -9999 -9999 -9999 -9999 -9999 -9999 -9999 -9999 -9999 -9999 -9999 -9999 -9999 -9999 -9999 38.1 37.18
48.6 45.6 44.48 46.31 51.61 52.14 65.63 69.53 70.75 73.83 74.83 75.09 73.41 71.55 70.35 70.81 68.66 64.78 56.87 54.08 61.07 63.4 66.34 69.24 70.98 72.67 72.96 72.19 72.84 70.07 67.75 70.97 72.34 70.47 67.38 67.71 69.74 72.31 74.32 74.98 75.29 76.17 78.19 81.04 84.57 86.94 88.95 91.57 94.1 94.45 -9999 -9999 -9999 -9999 -9999 -9999 -9999 -9999 -9999 -9999 -9999 -9999 -9999 -9999 -9999 -9999 -9999 -9999 -9999 -9999 -9999 -9999 -9999 38.37 37.33
45.81 44.49 47.85 58.24 62.99 53.28 61.06 72.45 72.85 73.89 74.96 75.55 75.04 74.98 73.32 70.63 68.03 67.17 58.73 56.62 57.49 61.61 65.93 69.47 70.8 73.09 73.51 73.5 73.89 72.71 69.28 72.3 73.55 71.82 71.74 70.67 69.11 71.87 74.46 75.64 76.99 78.75 81.36 83.91 86.47 89.16 91.48 93.28 94.75 95.47 -9999 -9999 -9999 -9999 -9999 -9999 -9999 -9999 -9999 -9999 -9999 -9999 -9999 -9999 -9999 -9999 -9999 -9999 -9999 -9999 -9999 -9999 -9999 38.49 37.71
45.06 48.45 60.98 63.51 70.86 64.79 58.53 64.53 70.33 74.65 75 75.43 76.52 76.23 73.53 69.79 66.33 63.57 63.46 61.46 57.62 59.35 61.84 65.71 64.18 66.97 70.71 73.13 75.55 74.02 73.29 74.53 74.84 73.33 72.67 71.96 70.66 72.32 74.32 76.26 78.43 80.63 82.66 85.41 88.15 90.71 93.19 94.47 95.37 -9999 -9999 -9999 -9999 -9999 -9999 -9999 -9999 -9999 -9999 -9999 -9999 -9999 -9999 -9999 -9999 -9999 -9999 -9999 -9999 -9999 -9999 -9999 -9999 39.14 37.21
47.08 54.15 61.5 74.86 68.7 71.2 66.88 60.7 61.83 69.03 73.36 74.69 75.87 75.72 71.85 68.55 66.94 66.78 67.25 67.02 61.17 58.66 64.88 68.41 71.12 71.77 71.68 71.63 74.67 75.59 75.63 75.86 75.76 74.4 73.38 72.63 72.28 74.68 76.88 77.47 80.22 82.65 83.57 86.18 88.78 91.45 94.08 95.15 -9999 -9999 -9999 -9999 -9999 -9999 -9999 -9999 -9999 -9999 -9999 -9999 -9999 -9999 -9999 -9999 -9999 -9999 -9999 -9999 -9999 -9999 -9999 -9999 -9999 -9999 37.3
47.98 56.6 76.66 63 67.02 76.43 76.58 71.16 65.22 64.32 69.99 73.57 75.07 75.49 73.16 71.24 69.85 70.11 69.81 70.44 63.68 62.23 68.95 69.73 71.68 74.21 74.92 71.54 75.59 75.99 77.12 77.96 77.49 76.02 75.14 73.43 75.79 77.25 78.87 79.78 81.64 84.59 86.09 87.49 89.43 92.08 -9999 -9999 -9999 -9999 -9999 -9999 -9999 -9999 -9999 -9999 -9999 -9999 -9999 -9999 -9999 -9999 -9999 -9999 -9999 -9999 -9999 -9999 -9999 -9999 -9999 -9999 -9999 -9999 -9999
57.08 50.17 73.21 77.44 72.87 77.91 78.59 73.29 70.4 66.78 64.34 70.79 75.89 76.9 76.86 75.15 73.82 72.59 71.98 70.64 63.32 65.03 70.51 72.53 74.18 75.75 76.86 74.27 75.14 77.11 77.39 78.78 78.87 77.95 77.4 75.92 78.28 79.99 81.48 82.67 84.28 86.03 87.78 89.44 90.42 -9999 -9999 -9999 -9999 -9999 -9999 -9999 -9999 -9999 -9999 -9999 -9999 -9999 -9999 -9999 -9999 -9999 -9999 -9999 -9999 -9999 -9999 -9999 -9999 -9999 -9999 -9999 -9999 -9999 39.17
60.61 54.01 56.25 65.89 73.01 76.98 80.53 76.93 73.56 69.24 68.22 70.57 75.62 78.27 77.16 76.03 75.55 74.52 71.64 68.2 65.67 59.52 69.14 73.35 74.97 76.03 76.28 76.06 75.21 76.36 78.68 79.64 79.97 79.49 79.07 77.6 79.82 82.61 84.16 85.4 86.35 87.3 88.84 89.87 -9999 -9999 -9999 -9999 -9999 -9999 -9999 -9999 -9999 -9999 -9999 -9999 -9999 -9999 -9999 -9999 -9999 -9999 -9999 -9999 -9999 -9999 -9999 -9999 -9999 -9999 -9999 -9999 -9999 -9999 38.92
65.68 57.73 53.13 62.62 76.66 79.78 81 78.29 73.99 72.35 71.78 69.11 73.12 77.22 79.32 77.57 76.26 74.23 71.46 68.4 63.57 59.77 68.55 73.79 75.4 76.66 78.75 78.72 78.41 78.24 78.01 79.65 80.98 81.2 81.01 79.97 81.28 83.89 85.55 87.1 88.28 89.43 90.38 90.49 -9999 -9999 -9999 -9999 -9999 -9999 -9999 -9999 -9999 -9999 -9999 -9999 -9999 -9999 -9999 -9999 -9999 -9999 -9999 -9999 -9999 -9999 -9999 -9999 -9999 -9999 -9999 -9999 -9999 -9999 38.98
67.01 61.18 60.79 54.35 68.63 79.86 80.7 78.79 75.75 73.95 70.45 71.67 74.44 76.99 79.85 80.11 78.24 74.57 72.86 70.86 65.36 61.69 68.73 72.88 75.32 77.1 78.28 80.95 80.34 80.08 79.45 80.76 82.35 83.02 83.2 82.79 83.03 84.96 87.74 89.85 90.71 91.52 91.68 -9999 -9999 -9999 -9999 -9999 -9999 -9999 -9999 -9999 -9999 -9999 -9999 -9999 -9999 -9999 -9999 -9999 -9999 -9999 -9999 -9999 -9999 -9999 -9999 -9999 -9999 -9999 -9999 -9999 -9999 -9999 37.51
66.04 70.45 69.67 61.51 59.84 77.82 81.56 80.26 78.35 74.95 74.02 75.51 76.46 79.12 82.45 81.53 79.59 76.85 76.37 71.28 66.8 63.35 68.33 68.71 75.2 76.44 78.51 81.32 82.03 81.71 81.43 82.43 84.26 85.57 85.84 86.82 85.82 86.79 90.4 92.4 93.12 93.36 -9999 -9999 -9999 -9999 -9999 -9999 -9999 -9999 -9999 -9999 -9999 -9999 -9999 -9999 -9999 -9999 -9999 -9999 -9999 -9999 -9999 -9999 -9999 -9999 -9999 -9999 -9999 -9999 -9999 -9999 -9999 -9999 -9999
66.6 78.49 76.07 67.2 55.16 74.57 84.49 83.45 81.08 75.55 78.9 79.16 79.32 83.49 84.6 84.88 81.66 79.6 78.96 73.45 66.92 66.65 73.55 74.28 71.57 76.66 79.24 82.03 84.31 84.18 83.9 85.29 87.05 88.9 89.5 90.16 88.22 89.04 93.11 94.77 95.4 94.97 -9999 -9999 -9999 -9999 -9999 -9999 -9999 -9999 -9999 -9999 -9999 -9999 -9999 -9999 -9999 -9999 -9999 -9999 -9999 -9999 -9999 -9999 -9999 -9999 -9999 -9999 -9999 -9999 -9999 -9999 -9999 -9999 -9999
72.11 80.2 79.45 69.84 59.35 77.14 85.81 84.95 82.27 76.81 81.49 83.45 83.77 85.12 86.68 86.3 82.85 78.53 69.59 69.74 66.29 72.96 76.42 77.27 75.23 78.48 82.87 83.45 85.72 86.54 86.46 88.16 90.11 92.15 93.4 93.23 91.16 91.7 93.49 95.5 95.56 -9999 -9999 -9999 -9999 -9999 -9999 -9999 -9999 -9999 -9999 -9999 -9999 -9999 -9999 -9999 -9999 -9999 -9999 -9999 -9999 -9999 -9999 -9999 -9999 -9999 -9999 -9999 -9999 -9999 -9999 -9999 -9999 -9999 -9999
80.19 82.34 79.31 70.02 62.48 75.34 85.15 88.74 84.31 79.02 83.64 87.13 87.79 89.85 88 85.93 81.3 75.65 70.55 66 70.84 74.16 77.64 79.8 81.37 79.83 86.72 86.91 89.13 89.35 89.27 90.71 93.31 95.19 96.94 95.87 95.32 94.4 -9999 -9999 -9999 -9999 -9999 -9999 -9999 -9999 -9999 -9999 -9999 -9999 -9999 -9999 -9999 -9999 -9999 -9999 -9999 -9999 -9999 -9999 -9999 -9999 -9999 -9999 -9999 -9999 -9999 -9999 -9999 -9999 -9999 -9999 -9999 -9999 -9999
87.02 85.06 79.32 70.89 61.7 75.95 81.98 88.62 86.11 82.73 85.56 90.14 91.37 90.88 87.91 85.14 79.51 73.52 68.9 72.46 73.96 77.59 80.83 83.49 85.32 80.85 89.55 89.79 91.73 92.68 92.1 93.38 95.77 97.39 -9999 -9999 -9999 -9999 -9999 -9999 -9999 -9999 -9999 -9999 -9999 -9999 -9999 -9999 -9999 -9999 -9999 -9999 -9999 -9999 -9999 -9999 -9999 -9999 -9999 -9999 -9999 -9999 -9999 -9999 -9999 -9999 -9999 -9999 -9999 -9999 -9999 -9999 -9999 -9999 -9999
90.46 83.18 79.17 70.14 61.96 77.44 78.41 83.64 87.19 89.13 91.59 93.44 94.21 91.67 87.36 82.13 77.34 71.72 72.39 78.06 80.95 83.59 84.04 86.41 88.01 83.21 91.81 93.63 95.04 96.42 96.62 97.04 98.25 99.67 -9999 -9999 -9999 -9999 -9999 -9999 -9999 -9999 -9999 -9999 -9999 -9999 -9999 -9999 -9999 -9999 -9999 -9999 -9999 -9999 -9999 -9999 -9999 -9999 -9999 -9999 -9999 -9999 -9999 -9999 -9999 -9999 -9999 -9999 -9999 -9999 -9999 -9999 -9999 -9999 -9999
87.12 81.41 75.94 68.7 69.88 80.11 80.22 82.45 87.95 95.47 97.55 96.02 94.32 89.93 85.01 79.7 74.02 73.36 76.17 82.03 86.37 88.19 88.05 87.54 90.46 88.46 91.93 96.56 98.38 100.03 99.85 100.24 -9999 -9999 -9999 -9999 -9999 -9999 -9999 -9999 -9999 -9999 -9999 -9999 -9999 -9999 -9999 -9999 -9999 -9999 -9999 -9999 -9999 -9999 -9999 -9999 -9999 -9999 -9999 -9999 -9999 -9999 -9999 -9999 -9999 -9999 -9999 -9999 -9999 -9999 -9999 -9999 -9999 -9999 -9999
87.07 79.47 74.45 66.1 78.99 90.9 89.83 87.97 88.36 97.94 98.8 97.57 93.05 86.87 82.23 77.89 74.01 76.3 80.91 87.41 89.53 92.68 92.15 91.4 93.63 93.46 96.5 99.59 101.41 102.49 102.77 102.19 -9999 -9999 -9999 -9999 -9999 -9999 -9999 -9999 -9999 -9999 -9999 -9999 -9999 -9999 -9999 -9999 -9999 -9999 -9999 -9999 -9999 -9999 -9999 -9999 -9999 -9999 -9999 -9999 -9999 -9999 -9999 -9999 -9999 -9999 -9999 -9999 -9999 -9999 -9999 -9999 -9999 -9999 -9999
88.35 82.17 72.98 67.54 84.16 95.41 98.28 97.33 97.99 100.59 98.61 94.14 89.95 84.13 79.99 75.94 74.82 73.85 81.88 91.17 92.91 96.57 95.95 95.66 99.08 98.74 99.76 100.9 102.65 104.12 103.68 -9999 -9999 -9999 -9999 -9999 -9999 -9999 -9999 -9999 -9999 -9999 -9999 -9999 -9999 -9999 -9999 -9999 -9999 -9999 -9999 -9999 -9999 -9999 -9999 -9999 -9999 -9999 -9999 -9999 -9999 -9999 -9999 -9999 -9999 -9999 -9999 -9999 -9999 -9999 -9999 -9999 -9999 -9999 -9999
88.08 80.03 71.99 76.87 91.23 98.96 105.5 104.85 103.03 99.81 95.77 90.77 84.47 80.8 80.82 79.34 79.4 75.68 85.04 93.77 98.42 100.34 100.06 100.39 102.6 102.06 101.56 102.52 103.6 104.97 -9999 -9999 -9999 -9999 -9999 -9999 -9999 -9999 -9999 -9999 -9999 -9999 -9999 -9999 -9999 -9999 -9999 -9999 -9999 -9999 -9999 -9999 -9999 -9999 -9999 -9999 -9999 -9999 -9999 -9999 -9999 -9999 -9999 -9999 -9999 -9999 -9999 -9999 -9999 -9999 -9999 -9999 -9999 -9999 -9999
84.81 77.74 73.35 81.12 95.3 103.5 106.63 106.69 104.08 100.66 94.81 88.3 84.17 85.1 85.81 84.29 80.08 74.83 84.55 92.42 99.86 104.06 103.63 104.43 104.14 103.57 103.96 -9999 -9999 -9999 -9999 -9999 -9999 -9999 -9999 -9999 -9999 -9999 -9999 -9999 -9999 -9999 -9999 -9999 -9999 -9999 -9999 -9999 -9999 -9999 -9999 -9999 -9999 -9999 -9999 -9999 -9999 -9999 -9999 -9999 -9999 -9999 -9999 -9999 -9999 -9999 -9999 -9999 -9999 -9999 -9999 -9999 -9999 -9999 -9999
82.4 87.46 82.82 87.95 99.6 106.79 108.76 107.78 103.93 98.61 92.12 88.77 90.85 92.48 91.85 87.73 79.79 78.68 85.2 93.52 99.93 105 106.41 106.7 106.45 106.13 -9999 -9999 -9999 -9999 -9999 -9999 -9999 -9999 -9999 -9999 -9999 -9999 -9999 -9999 -9999 -9999 -9999 -9999 -9999 -9999 -9999 -9999 -9999 -9999 -9999 -9999 -9999 -9999 -9999 -9999 -9999 -9999 -9999 -9999 -9999 -9999 -9999 -9999 -9999 -9999 -9999 -9999 -9999 -9999 -9999 -9999 -9999 -9999 -9999
