HiPIMS_Class/input/mesh/DEM.txt
ncols    574
nrows    327
xllcorner    499835.000000
yllcorner    204915.000087
cellsize    100.000000
NODATA_value    -9999
[rows 165 to 197 of 327, columns 225 to 299 of 574]
118.67 119.99 120.11 117.28 121.08 123.29 123.79 122.46 120.54 118.58 115.74 113.22 109.6 106.98 103.29 101.58 101.51 102.99 102.36 101.78 101.35 101.06 98.49 104.25 107.16 106.68 105.1 100.14 96.57 93.2 88.91 85.41 87.68 90.7 90.92 90.9 90.11 88.71 87.44 86.84 86.97 83.52 81.95 80.55 76.26 70.8 78.08 78.02 77.67 76.02 72.23 68.62 66.32 70.67 73.84 75.05 75.66 74.56 79.45 85.01 86.88 85.52 82.57 78.24 72.21 65.72 62.19 68.54 78.86 87.27 89.48 89.15 90.12 89.59 82.66
120.66 123.36 123.89 122.94 125.39 126.68 126.63 125.07 122.97 118.99 115.56 111.76 109.13 104.25 106.27 106.57 107 106.29 108.73 109.1 109.31 109.24 109.64 110.1 110.91 108.83 106.75 102.75 98.36 93.65 88.27 89.2 91.55 92.08 92 91.41 90.47 89.06 88.12 87 83.84 78.83 75.2 75.06 73.68 72.25 81.02 79.41 77.01 74.97 73.46 69.29 66.64 68.98 70.62 70.54 71.33 70.69 79.75 85.83 86.82 85.18 81.22 76.16 67.01 62.07 61.82 74.24 82.89 85.91 87.06 85.34 85.05 84.31 78.03
120.49 123.97 126.88 127.66 128.16 128.51 127.98 126.46 123.5 118.71 114.24 109.86 109.69 112.3 113.24 111.6 113.12 112.36 114.01 113.89 114.45 114.55 114.32 113.91 111.97 107.8 105.04 102.12 97.38 93.32 89.45 91.3 92.62 92.62 91.91 91.62 90.91 89.87 88.81 83.13 74.81 77.1 78.64 76.85 76.31 74.89 79.85 80.58 77.36 75.6 75.63 71.4 67.67 65.38 67 66.29 64.69 62.93 71.61 82.03 84.88 83.02 82.88 75.77 61.69 63.31 67.69 75.19 81.32 84.07 85.68 83.34 79.74 79.99 80.68
126.43 127.94 128.07 128.38 128.59 128.09 127.34 124.55 121.76 118.43 114.27 114.83 116.63 119.29 117.92 116.77 117.98 118.39 118.13 117.99 118.69 118.41 117.17 115.06 111.5 106.59 103.42 99.41 96.47 92.94 91.14 92.34 92.9 92.55 92.23 91.55 90.71 89.81 87.12 77.88 74.99 87.03 85.79 84.09 80.69 76.37 80.86 80.18 77.72 77.19 77.8 74.18 71.2 66.8 65.92 66.16 67.18 65.53 62.77 79.09 82.31 80.53 59 64 60.58 66.59 70.16 75.98 80.95 83.49 83.99 83.38 78.85 76.22 75.94
128.35 129.21 128.91 127.94 128.03 127.64 127.25 124.56 123.53 120.52 120.16 121.45 121.83 122.61 122.35 122.19 121.41 120.9 121.21 120.07 120.44 119.56 117.71 114.75 111.39 106.54 101.72 98.64 96.04 94.33 92.63 91.2 91.68 91.73 90.96 90.02 89.96 88.1 81.8 74.73 77.31 88.1 85.51 83.12 81.19 79.48 84.88 84.22 80.31 79.48 79.7 77.89 74.74 71.62 68.49 72.39 71.69 67.7 65 70.59 74.99 60.55 61.56 65.46 61.58 61.86 67.84 73.36 79.09 82 83.34 82.65 79.23 75.52 73.78
128.34 128.18 127.41 126.14 126.4 126.65 126.9 126.13 125.61 125.35 125.07 125.13 125.51 125.83 125.78 125.01 123.99 122.16 121.69 121.23 120.63 119.52 117.64 113.94 109.26 105.61 101.8 97.44 94.88 92.72 90.34 88.01 88.55 88.64 87.38 85.48 83.68 79.9 77.07 76.97 83.1 90.47 88.91 88.03 83.18 82.73 89.74 89.45 86.34 83.83 81.86 81.38 77.6 74.06 70.72 72.96 73.53 70.57 67.05 62.44 63.92 62.7 73.78 70.18 64.02 60.76 62.24 73.86 80.65 81.22 82.35 81.91 78.83 74.89 71.34
125.88 125.8 125.18 124.35 124.6 125.32 126.4 127.38 127.09 125.91 126.32 126.68 126.86 126.7 126.38 125.55 123.69 121.56 120.93 120.29 118.79 119.07 115.92 111.66 106.19 101.83 98.56 94.68 92.74 90.09 87.71 85.4 84.74 83.9 81.55 82.41 80.36 79.3 84.13 82.69 93.12 95.63 93.25 88.92 83.15 86.44 92.56 94.53 88.76 85.55 84.31 80.04 76.02 73.78 72.64 77.77 76.34 73.84 69.54 68.84 65.05 63.28 63.43 63.66 63.06 60.21 60.91 77.27 80.78 82 82.17 79.85 77.73 72.54 69.46
123.01 122.64 121.97 122.61 124.06 125.55 127.18 127.19 126.43 125.98 125.65 126.45 126.74 126.66 126.12 123.82 120.4 119.08 118.76 117.46 115.37 115.53 113.07 108.49 103.72 99.21 95.79 92.23 89.98 88.34 85.58 83.92 83.24 84.05 86.7 87.02 89.19 93.25 93.65 88.59 97.78 100 95.46 88.46 87.38 95.99 97.03 95.73 90.63 87.5 86.24 82.22 79.32 75.22 76.85 79.49 78.24 74.77 71.45 69.01 68.35 67.62 65.68 63.24 61.19 59.23 61.86 76.98 77.18 80.91 79.78 78.41 74.84 70.04 68.81
121.29 120.3 121.52 123.2 124.05 125.22 126.08 126.03 124.89 123.74 122.83 124.25 125.56 127.01 125.96 123.56 122.01 117.23 114.94 114.68 111.19 110.72 109.84 105.45 100.83 96.02 91.88 89.51 88.37 87.29 88.18 88.14 88.28 91.83 95.15 98.63 101.48 103.46 101.05 95.1 103.21 102.8 97.7 92.28 92.06 103 103.99 100.6 95.47 92.38 91.05 87.82 81 79.41 82.31 80.57 76.75 74.12 73.74 71.29 72.58 72.27 69.84 64.76 66.84 62.34 59.81 69.01 71.09 72.31 73.35 73.84 71.58 67.42 70.24
121.17 122.21 122.99 123.48 123.34 123.51 124.26 124.2 123.15 122.15 121.3 122.29 125.1 127.56 126.4 124.37 119.35 118.46 115.94 109.5 107.66 104.35 104.61 102.94 98.26 93.74 92.02 91.66 89.44 90.06 90.85 90.4 92.55 97.5 101.49 105.92 108.06 109.27 105.83 102.46 106.14 106.21 102.02 97.39 94.6 105.35 108.05 105.27 101.47 95.3 91.43 85.75 81.65 87.87 84.56 79.84 79.39 78.54 76.19 74.68 74.52 73.72 68.23 72.56 71.54 64.87 59.02 63.25 64.91 66.31 68.73 68.15 68.65 69.23 70.26
123.42 123.62 123.56 122.26 121.06 121.57 122.31 122.58 121.44 120.54 122.69 125 126.75 128.16 126.91 126.21 122.63 116.24 112.68 110.2 103.56 100.72 99.39 96.67 94.45 95.25 94.43 92.73 89.81 93.32 93.5 93.78 95.41 100.98 106.17 110.41 112.34 112.79 109.58 107.8 111.11 110.15 107.51 100.04 97.96 105.78 109.99 109.08 105.79 100.93 92.39 85.7 90.9 92.7 86.73 83.02 83.72 80.89 78.86 80.32 77.52 73.84 68.76 74.1 72.78 68.01 63.33 59.16 58.49 59.89 62.29 63.37 63.02 62.89 62.5
123.37 123.31 123.21 120.77 117.5 117.08 119.11 119.08 119.52 121.54 124.12 127.08 128.83 129.4 127.73 126.45 123.11 118.19 110.83 105.24 104.61 108.9 104.69 100.21 98.58 96.54 96.33 91.99 90.93 93.39 94.27 98 99.24 101.87 106.75 112.86 114.57 115.12 113.61 112.66 113.48 112.39 108.51 106.11 107.07 105.99 110.35 110.34 107.16 99.77 90.98 93.56 94.93 91.13 86.75 88.42 85.79 82.98 84.59 82.22 78 72.12 70.24 75.69 72.97 70.29 67.84 65.13 63.53 62.48 60.15 58.06 62.14 59.67 58.41
122.53 122.35 121.94 120.42 116.93 118.87 118.78 119.73 121.44 124.56 127.08 128.95 129.77 129.01 127.07 124.21 120.81 116.47 110.71 109.3 114.15 113.11 107.76 102.7 99.55 97.59 95.59 91.74 92.32 96.27 100.46 104.07 104.85 105.86 109.01 112.87 115.7 116.49 116.34 115.56 115.91 115.49 113.48 113.74 113.18 111.78 112.79 111 106.72 96.96 101.86 102.35 96.45 91.18 92.6 90.83 88.79 87.75 86.09 83.51 78.64 72.67 75.05 78.88 77.02 73.5 70.65 67.75 64.5 62.5 61.83 60.36 58.08 59.21 57.44
120.06 120.13 120.09 118.09 116.18 119.99 122.15 123.93 125.59 127.26 128.91 129.96 130.45 129.28 125.98 120.84 118.25 113.63 110.12 115.22 117.21 113.69 107.07 102.37 99.06 96.5 94.2 93.47 95.84 100.42 105.35 110.19 112.26 112.44 112.68 113.68 114.29 115.92 115.21 114.96 116.26 118.18 117.97 118.28 117.84 116.09 115.21 110.94 104.52 105.18 106.49 104.38 100.48 98.63 97.4 94.59 91.41 88.95 86.93 83.83 79.83 72.42 78.77 80.71 79.28 76.4 74.73 73.67 70.36 66.01 64.34 64.74 63.72 63.1 62.12
115.99 117.4 117.68 114.79 117.83 122.1 125.36 127.22 128.98 129.73 130.34 130.82 130.55 128.62 126.09 122.83 119.75 114.07 118.02 120.38 117.74 112.26 105.29 102 99.31 96.22 93.28 93.55 97.33 102.96 108.42 114.41 117.53 117.54 116.82 115.21 113 112.14 112.66 113.55 116.44 119.17 120.44 120.72 120.24 119.3 115.96 109.39 109.46 108.54 107.8 106.08 104.85 102.57 99.78 96.19 92.36 88.35 84.06 82.26 79.18 73.13 81.19 83.09 79.69 77.38 77.62 79.1 78.12 77.85 76.14 73.74 67.54 69.19 61.73
110.53 113.79 113.5 116.62 120.67 124.2 127.59 128.96 129.87 130.37 130.08 130.48 130.22 128.56 124.73 121.28 116.46 117.23 121.36 121.16 115.88 111.85 111.33 107.02 101.19 97.21 95.1 94.33 97.56 104.24 110.46 116.09 118.53 118.7 117.88 116.08 113.56 109.91 111.67 113.81 117.48 119.84 121.59 122.44 121.88 120.03 116.29 114.97 113.71 111.1 109.78 107.12 105.49 103.26 99.05 95.97 91.8 88.99 85.75 81.93 76.01 78.35 84.94 85.02 81.73 79.77 80.36 80.7 80.76 79.22 76.67 72.68 72.25 73.73 66.27
116.27 115.51 118.53 120.83 123.63 125.39 127.78 128.97 129.59 129.2 129.36 129.74 129.53 127.86 123.97 120.39 118.11 121.22 123.1 121.42 118.76 118.45 117.22 110.64 103.63 99.95 95.69 94.89 97.12 103.11 108.93 114.28 117.48 118.06 117.5 115.05 112.4 108.82 110.02 114.71 118.43 120.94 122.01 122.55 122.18 121.78 120.3 117.66 115.29 111.11 108.39 106.11 101.74 97.59 93.81 90.78 88.37 86.32 85.6 80.51 75.92 83.65 87.68 86.33 82.72 81.32 79.43 79.83 79.05 77.38 75.11 71.48 73.2 71.4 65.53
116.57 117.71 120.58 122.83 123.94 124.81 125.97 126.7 126.71 126.56 126.09 129.13 128.91 127.66 125.85 121.75 124.4 125.77 125.07 125.24 124.38 123.2 120.39 115.02 108.4 102.03 97.34 95.46 96.13 101.51 106.55 111.67 114.86 113.13 112.57 111.57 109.18 108.5 110.98 116.45 119.37 121.06 121.74 122.5 121.98 121.42 120.5 118.28 115.43 111.24 103.56 100.67 98.15 95.1 91.11 86.85 84.65 83.19 78.97 77.36 79.6 84.94 88.56 86.38 83.64 81.32 78.83 78.49 77.67 76.06 76.28 75.95 71.89 69.66 68.64
114.84 118.76 119.91 121.4 121.83 122.26 123.25 123.82 123.56 122.64 125.01 128.75 129.76 128.98 127.34 127.4 127.62 127.35 126.68 126.14 125.48 125.03 123.43 119.01 112.45 103.66 98.55 99.16 95.51 99.13 103.81 107.73 109.51 107.77 105.18 104.71 107.06 110.83 113.99 117.16 119.53 121.94 121.17 121.47 121.69 120.88 119.85 118.16 113.78 110.25 105.24 104.8 105.06 99.11 95.56 92.87 90.6 87.19 80.27 84.97 86.68 88.44 88.41 84.85 82.53 80.35 80.07 79.73 78.87 77.47 76.04 74.62 74.67 75.7 73.05
114.32 117.41 118.47 118.36 117.22 117.18 117.96 119.09 119.44 122.92 126.05 128.69 129.51 129.71 129.6 129.41 129.04 128.38 127.42 126.38 124.89 124.75 122.86 120.15 114.59 107.19 100.58 100.33 94.48 96.98 99.5 101.5 103.7 101 100.12 106 111.28 113.35 116.32 117.03 119.2 120.63 119.86 120.09 120.58 119.92 118.85 116.81 112.57 110.65 109.38 109.21 107.03 104.01 100.01 94.31 89.89 85.18 83.75 91.1 93.45 92.24 87.78 83.86 82.3 82.59 81.78 80.15 78.78 77.97 76.98 77.7 78.11 70.44 75.26
111.9 114.23 114.66 114.22 109.9 112.74 116.62 119.03 122.58 124.71 127.4 128.61 129.44 129.61 129.72 129.43 128.74 127.76 126.03 124.47 123.23 121.48 120.23 118.37 114.04 108.18 101.35 97.51 95.63 94.58 96.33 98.42 99.52 97.53 101.25 106.45 110.7 113.09 115.33 116.23 117.53 118.4 118.24 117.37 117.51 117.95 117.6 117.64 115.27 113.28 112.04 110.8 108.67 104.17 98.56 92.23 87.3 84.29 88.78 94.2 95.62 92.48 88.32 84.26 86.3 84.37 82.3 81.35 80.49 79.62 78.62 78.7 79.05 78.13 75.87
108.77 109.8 107.99 105.65 110.91 120.29 122.31 123.09 124.53 125.73 127.09 128.17 129.17 129.32 129.43 128.91 127.37 125.14 123.83 121.73 120.37 119.13 116.08 114.22 111.23 106.7 101.92 97.65 96.82 95.67 94.97 95.27 96.04 97.27 100.5 104.99 108.59 111.22 113.49 112.57 114.2 114.62 114.92 113.76 114.69 113.2 116.19 116.6 116.41 114.79 113.19 111.17 108.94 104.2 97.73 92.83 85.74 93.81 97.9 99.4 97.78 94.2 88.91 89.11 88.46 86.53 85.1 83.8 82.82 81.56 80.85 80.39 79.99 79.2 77.95
105.69 102.92 100.44 109.95 118.55 121.26 122.5 122.64 123.49 124.63 125.97 126.91 127.99 127.96 128.85 128.61 126.26 122.89 122.53 121.74 118.89 115.81 109.4 108.75 106.82 102.67 99.05 97.67 96.33 94.91 94.58 94.12 94.54 95.93 97.87 101.11 103.8 105.75 106.91 107.96 108.22 109.24 110.68 110.1 109.76 113.45 116.33 116.24 115.83 114.85 112.79 110.53 107.69 102.74 97.1 91.71 89.94 99.72 103.24 102.36 98.85 94.61 90.09 91.63 90.57 89.87 87.89 86.71 85.58 83.5 82.29 81.36 79.76 78.81 79.48
102.2 97.34 104.15 114.36 120.63 121.44 120.98 121.37 121.69 121.95 124.55 126.01 126.74 126.41 126.96 127.33 125.23 122.83 120.99 119.68 117.7 114.16 109.31 104.29 102.22 99.2 99.83 99.18 96.49 94.23 93.82 93.21 92.69 93.82 94.62 96.41 99.1 99.79 100.77 101.69 102.5 104.33 106.23 103.99 108.36 114.29 115.04 115.21 114.03 112.99 111.67 109.13 105.32 100.56 96.94 91 95.49 103.25 105.65 102.87 98.47 95.43 94.7 93.95 92 90.81 89.65 88.22 85.93 83.51 82.88 80.48 78.26 77.67 78.33
94.95 99.55 108.64 117.12 120.07 119.91 119.39 118.31 117.39 119.73 123.21 124.85 125.33 125.51 125.73 125.53 123.6 119.83 117.95 116.88 113.07 109.29 105.49 105.48 105.06 105.13 105.82 103.88 100.83 95.74 93.46 92.33 91.9 92.13 92.23 93.37 93.49 94.47 96.18 97.16 98.17 99.8 101.33 102.45 108.11 111.16 111.82 111.89 111.56 111.1 109.25 105.53 100.82 97.26 96.35 97.15 101.95 105.42 106.63 104.16 102.03 100.42 97.5 95.02 92.31 88.91 87.05 86.32 83.78 80.82 80.8 79.03 76.79 75.66 75.86
98.92 110.42 113.02 116.78 117.61 118.56 117.27 115.72 114.74 119.21 121.59 123.53 123.33 122.98 123.96 124.2 122.14 119.22 118.17 116.49 116.27 114.56 116.24 115.81 112.65 110.78 110.62 107.27 102.04 98.05 95.04 92.84 92.1 90.35 89.81 91.53 91.58 89.62 94.14 94.44 95.28 96.45 98.73 101.69 103.53 106.82 107.07 108.43 108.47 108.6 107.57 104.33 102.53 103.55 104.8 104.68 107.82 110.18 109.47 108.04 105.34 102.08 98.49 95.28 92.25 89.03 86.34 82.7 80.97 77.16 78.43 76.09 75.47 75.48 73.93
105.26 108.45 111.69 113.03 113.01 115.22 114.1 112.5 116.43 120.56 121.92 122.72 121.73 120.65 123.07 123.73 123.1 122.03 120.28 120.43 118.06 115.72 116.15 116.11 115.34 117.13 114.66 109.55 104.37 100.59 96.99 95.52 93.59 91.32 89.34 90.27 92.52 93.43 95.11 95.94 96.7 97.67 98.05 98.72 100.46 103.07 102.63 104.56 105.65 107.34 108.14 108.02 108.23 110.42 111.14 110.03 111.24 112.4 111.18 109.05 106.13 102.53 99.17 95.77 92.22 89.28 86.25 84.96 83.05 81.58 78.92 77.45 73.15 72.8 70.05
103.25 106.15 107.64 109.76 109.06 107.81 105.86 110.22 117.09 120.72 122.14 121.49 118.62 119.06 122.06 122.75 122.32 121.64 119.83 118.57 116.66 114.99 113.84 114.06 113.69 113.61 115.56 113.55 108.52 104.02 100.54 98.6 96.73 94.13 89.93 89.61 92.32 94.42 95.61 96.38 97.07 98.73 100.02 100.59 102.44 104.41 103.83 103.82 106.19 108.78 110.66 111.76 113.04 113.84 113.18 112.82 112.7 111.38 110.67 108.15 104.51 101.55 97.9 94.02 90.75 88.32 86.51 84.96 80.54 78.54 75.62 74.69 75.54 72.29 75.79
98.67 102.76 106.32 108.12 105.65 101.38 110.14 115.54 118.13 119.64 120.1 118.94 115.37 118.83 121 122.59 121.97 121.25 119.11 121.02 115.68 114.22 113.64 113.02 113.48 114.33 115.86 115.92 112.52 111.32 105.92 101.45 99.96 96.4 92.69 89.48 90 92.83 94.62 95.73 97.23 98.81 100.72 101.82 104.59 107.5 107.95 107.12 109.08 111.65 113.36 113.96 115.65 114.47 112.96 111.41 109.4 107.48 106.3 103.79 100.63 97.66 93.94 91.62 87.59 86.65 85.38 81.6 77.35 79.28 80.36 80.55 76.99 77.82 77.79
97.88 101.78 104.64 103.31 96.9 105.12 113.28 115.78 117.56 117.63 116.42 112.64 120.54 121.44 121.83 122.48 120.43 122.13 119.87 118.63 113.88 110.87 112.29 111.87 111.88 114.25 114.58 115.41 115.42 110.9 113.03 110.32 106.5 102.06 96.75 92.31 88.78 89.63 91.44 93.44 95.22 96.95 99.84 102.61 106.89 110.43 110.87 110.06 112.54 114.53 115.5 114.88 114.8 113.35 110.03 105.45 102.48 99.72 95.78 93.28 90.63 89.88 87.26 85.61 82.93 81.21 79.82 79.57 83.02 83.46 83.72 80.61 77.51 79.93 78.54
99.28 99.94 99.53 91.64 103.48 110.54 112.92 113.77 113.78 112.04 106.9 117.7 121.68 122.72 122.45 122.05 121.55 122.11 119.72 116.16 109.36 101.38 106.38 105.94 104.83 108.63 109.16 108.55 110.02 100.18 109.66 109.17 108.11 103.73 98.97 94.36 89.42 88.78 91.53 93.17 95.83 97.77 100.42 104.35 108.36 112.66 113.1 113.22 115.44 116.85 116.8 114.35 112.21 109.56 102.97 99.92 96.68 97.06 95.39 94.39 92.58 90.14 89.4 87.33 84.55 86.77 86.63 85.18 87.4 87.71 85.21 79.49 82.32 81.44 80.07
96.22 92.85 87.97 95.11 104.38 109.74 111.8 106.33 104.79 101.7 113.55 118.24 119.62 121.58 120.88 120.15 120.28 119.22 115.67 111.45 107.1 98.48 98.12 101.07 96.91 100.25 101.18 99.8 99.97 99.75 101.53 101.79 101.34 99.58 96.81 92.86 88.27 89.41 90.74 93.22 96.18 98.25 101.06 105.47 109.19 114.15 116.42 115.8 116.72 117.76 116.64 112.78 107.09 103.38 103.54 103.09 99.48 103.38 100.87 101.96 100.86 99.77 97.38 92.01 89.23 95.03 90.42 89.98 90.31 88.51 82.15 84.61 86.23 84.65 80.93
89.55 84.49 92.32 99.83 105.28 109.16 109.53 105.06 96.17 107.48 113.79 113.33 116.7 117.62 117.06 117.2 116.95 112.5 109.99 105.32 101.47 96.53 89.23 95.52 93.32 94.93 94.2 93.01 93.04 98.85 96.83 93.97 95.48 93.3 91.21 88.41 88.21 91.68 91.48 92.31 94.01 98.1 101.57 104.42 109.35 115.26 117.46 118.67 118.43 117.67 113.73 108.52 108.43 110.64 110.6 104.91 103.05 106.65 106.02 107.41 106.76 103.97 97.44 91.64 97.59 98.46 95.29 93.53 92.01 86.66 86.71 89.29 87.88 84.83 81.07
