HiPIMS_Class/input/mesh/DEM.txt
ncols    574
nrows    327
xllcorner    499835.000000
yllcorner    204915.000087
cellsize    100.000000
NODATA_value    -9999
[rows 66 to 98 of 327, columns 375 to 449 of 574]
119.4 116.98 114.47 116.4 119.47 120.26 121.6 124.18 125.9 124.81 122.5 119.69 115.92 113.79 111.44 108.15 105.57 104.47 100.05 92.17 89.68 90.38 92.8 95.83 98.83 101.75 104.73 108.26 111.05 115.18 120.27 122.79 124.59 125.14 125.21 124.28 122.61 119 116.29 120.69 123.74 126.66 128.8 132.27 133.71 132.8 131.21 127.96 124.46 122.26 119.75 119.01 120.05 118.1 116.69 116.29 116.03 114 111.9 118.37 122.41 121.69 118.61 121.78 121.94 125.12 128.53 127.6 125.45 123.47 123.96 127.2 128.37 127.59 124.92
119.52 117.55 114.77 115.59 117.84 117.78 119.99 123.08 125.21 125.17 123.99 122.67 119.38 114.66 111.75 109.2 108.03 106.9 103.17 96.21 91.68 89.56 91.49 94.47 97.91 101.94 106.2 110.2 113.42 118.15 121.64 123.13 123.33 123.24 122.12 120.55 119.94 117.01 115.67 118.76 121.92 125.19 129.2 133.29 134.14 132.84 131.04 126.9 123.78 121.41 119.6 118.07 117.13 116.41 114.9 113.21 112.76 112.57 110.6 118.37 123.68 120.89 118.42 119.81 119.94 125.27 127.13 124.73 122.03 120.98 121.72 124.88 127 127.52 127.01
118.51 116.62 114.39 114.98 116.27 116.74 119.3 122.05 123.94 124.42 124.5 122.55 118.45 113.18 107.88 105.99 106.84 106.79 103.58 99.2 92.76 89.69 90.05 94.6 98.85 103.15 107.43 112.84 116.65 119.49 120.02 121.16 120.83 119.79 118.26 116.84 117.36 115.7 114.27 118.3 123.72 127.82 130.76 133.36 134.38 133.85 131.49 128.61 125.93 124.59 123.38 121.23 120.44 119.66 117.32 114.39 110.33 109.3 113.59 119.47 120.62 119 116.25 117.82 120.62 126.53 125.7 122.09 119.09 118.97 121.22 124.61 126.88 128.55 129.19
117.25 115.41 113.23 113.44 113.94 116.28 119.13 121.44 122.8 123.55 123.99 119.81 113.84 109 105.47 102.76 103.15 104.71 102.16 98.51 92.83 89.18 89.57 94.11 99.52 103.96 110.23 115.21 117.92 118.38 117.11 118.06 117.86 115.83 114.06 113.33 113.63 112.88 113.9 117.55 122.18 126.87 130.8 133.43 134.67 134.25 132.89 131.21 129.46 128.46 127.23 126.27 125.36 123.13 120.3 116.64 112.08 107.88 112.57 117.18 116.8 114.43 113.15 116.74 122.38 125.87 124.21 120.61 117.51 118.2 121.67 124.88 127.92 128.58 128.52
116 114.32 112.85 111.56 112.17 115.62 118.68 120.33 122.42 123.66 122.21 119.49 113.47 109.19 106.25 102.73 100.23 100.41 99.28 95.44 92.14 89.32 89.58 94.82 99.99 105.49 113.15 116.73 116.87 115.33 112.48 114.68 114.46 112.28 104.6 109.91 110.2 111.97 116.34 120.48 124.47 127.5 128.58 131.46 133.96 133.75 132.84 131.12 129.19 128.32 128.11 127.09 124.82 120.98 117.56 114.77 111.47 107.25 109.63 113.91 113.02 112.64 113.6 118.2 123.52 124.85 122.51 119.58 116.23 117.01 119.67 122.56 126.41 127.74 126.65
114.28 112.92 111.54 110.35 111.73 114.46 117.01 120.05 122.16 122.81 121.19 118.09 112.62 109.58 106.44 103.88 100.95 95.38 94.39 92.06 90.88 89.2 91.1 96.49 102.21 108.85 114.88 116.27 114.33 112.68 109.29 111.07 110.47 108.58 107.09 109.63 113.02 116 117.84 121.88 124.32 125.02 126.53 129.91 133.04 132.94 131.59 128.72 126.25 125.59 125.8 125.53 122.79 118.37 114.61 112.18 109.46 105.09 108.35 110.26 109.35 111.25 116.01 121.37 123.41 122.42 120.29 117.76 115.04 115.14 117.58 120.3 124.17 125.01 123.64
111.99 110.31 109.29 109.99 111.99 114.43 118.01 120.56 121.57 122.69 120 116.6 111.78 108.94 105.29 100.65 97.78 94.08 91.88 90.24 89.16 89.81 93.71 99.19 104.7 111.12 115.42 115.03 113.02 110.27 107.37 107.28 106.76 105.62 107.08 110.35 114.52 117.81 119.88 121.11 121.8 122.45 125.66 130.01 131.74 131.6 129.99 127.05 124.01 122.93 123.38 123.65 120.93 117.4 112.98 110.04 106.69 103.14 106.5 107.81 108.55 112.97 119.1 121.77 119.92 118.57 117.3 116.08 113.76 113.57 116.7 119.93 122.04 122.05 121.01
110.3 108.28 109.46 112.94 115.17 117.13 120.07 121.38 121.81 121.86 119.53 115.52 110.12 106.26 104.09 101.76 95.92 92.72 90.28 88.7 88.43 91.31 96.36 102.34 108.66 113.35 114.74 113.78 111.19 109.64 106.15 103.45 105.16 107.44 109.98 109.22 114.57 117.17 117.79 118.33 119.82 122.56 126.54 130.14 130.41 129.85 127.27 124.3 122.23 119.87 120.36 121.11 118.54 115.36 111.83 111.06 108.22 104.11 103.6 104.55 107.8 113.99 119.11 118.69 115.69 115.18 114.35 113.13 111.74 113.41 116.56 118.29 119.45 119.08 118.75
108.06 108.85 111.42 114.99 118.39 120.3 121.16 122.47 122.88 121.8 120.24 116.23 111.88 106.85 101.86 100.05 94.43 90.93 88.58 87.24 88.77 93.94 100.53 107.25 112.16 112.56 111.5 109.81 106.04 103.85 101.54 103.36 108.21 112.44 113.56 114.06 112.81 114.48 116.71 119.66 122.58 125.15 128.32 130.75 131.25 130.24 127.58 125.29 122.34 119.48 117.93 117.42 116.46 113.36 114.37 114.85 111.81 106.73 103.83 101.42 104.45 113 117.78 115.78 112.51 112.21 111.17 110.69 110.85 113.39 114.52 115.49 116.37 116.43 118.01
108.04 110.59 113.75 117.57 120.39 122.34 123.44 123.61 123.05 121.71 119.58 116.7 113.71 109.75 103.39 96.67 92.32 90 87.14 86.63 90.22 96.32 104.43 108.81 107.33 104.47 102.04 101.13 99.17 103.74 110.94 109.66 109.37 114.51 118.59 119.06 118.36 118.26 120.26 124.13 125.96 128.06 129.03 130.65 130.21 130.07 128.21 126.01 123.56 120.14 117.7 116.61 116.07 118.2 120.28 117.95 114.69 112.13 105.58 101.88 102.55 112.6 115.71 114.07 110.42 109.77 107.93 108.65 110.08 111.85 112.34 113.07 115.19 117.8 119.02
108.3 111.5 114.51 118.23 120.65 121.98 123 123.43 121.87 120.02 117.55 115.31 111.76 107.46 102.41 96.41 91.09 88.91 86.54 86.25 90.79 96 101.69 101.97 98.37 96.99 99.47 102.05 106.28 112.83 115.71 113.51 111.54 116.48 120.96 121.6 121.25 121.6 122.52 124.36 124.65 125.95 127.29 128.46 128.35 128.92 126.03 124.12 121.78 119.99 120.48 121.01 120.55 121.08 122.7 120.23 119.11 112.76 108.09 103.65 102.49 110.37 114.55 112.84 108.97 105.34 107.12 108.43 109.6 112.13 114.05 114.04 116.56 119.86 120.81
107.83 110.68 113.52 116.53 119.4 121.11 122.47 122.38 121.43 118.5 116.24 113.01 109.57 103.97 99.46 94 91.03 88.33 86.19 86.92 90.16 93.81 95.28 94.12 96.16 103.58 110.02 113.58 115.57 116.69 116.73 116.86 117.11 119.93 121.42 121.11 119.87 120.57 121.01 121.27 121.1 121.63 123.71 127.37 127.95 127.75 124.83 122.74 121.11 122.03 124.02 124.78 124.66 124.12 125.79 124.05 120.87 114.36 109.09 103.68 100.2 108.98 112.02 110.19 106.04 107.68 111.66 112.87 112.14 113.54 116.23 116.57 116.99 120.28 121.53
106.49 109.84 112.29 114.51 116.67 118.91 121.37 122.55 121.94 119.02 116.89 111.19 108.32 106.69 101.92 96.09 92.21 89.11 86.34 87.15 88.65 88.31 91.7 96.21 103.68 109.53 112.5 114.24 115.53 116.74 117.76 118.68 119.21 119.79 118.82 117.64 116.5 117.59 117.7 117.74 119.15 120.6 123.76 126.93 128.27 127.32 124.33 123.3 124.13 125.24 126.51 126.41 126.23 126.18 126.02 125.02 122.42 115.87 108.69 103.43 99.83 105.86 109.01 107.84 100.94 109.64 113.26 115.44 115.91 117.17 118.32 119.9 120.21 121.11 122.48
104.48 106.9 109.53 111.83 113.53 116.13 119.63 122.5 121.27 120.1 116 114.98 115.04 112.11 105.99 99.91 95.11 91.86 86.47 86.87 87.86 91.29 94.79 100.16 106.82 109.44 111.11 112.25 113.41 115.67 118.23 119.26 119.05 117.54 115.53 113.69 112.63 113.13 113.03 113.42 115.8 118.85 120.86 125.56 128.67 127.46 126.55 126.37 127.01 127.3 126.86 126.54 126.09 126.35 125.6 124.9 122.29 117.94 111.3 105.28 100.34 101.03 104.98 104.22 103.22 110.15 113.62 115.05 116.04 117.13 119.55 122.15 123.66 123.76 125.28
104.15 105.44 107.73 110.59 112.95 115.81 118.91 120.48 121.37 120.79 120.24 120.01 118.41 115.42 111.21 104.29 99.15 94.49 89.16 86.73 87.86 91.49 96.03 101.43 106.73 108.14 108.86 109.21 112.84 115.28 117.63 118.4 115.58 113.11 110.72 110.29 108.9 110.48 111.67 114.67 117 120.28 121.73 127.04 128.59 129.3 128.22 128.44 128.32 127.52 125.66 124.76 124.55 125.27 124.92 123.65 122.73 117.99 111.69 106.7 101.39 98.51 98.02 98.38 104.63 109.62 111.52 111.14 112.7 116.2 118.74 121.05 123.24 124 125.83
103 103.91 107.24 111.64 115.49 118.12 120.93 123.02 124.24 122.69 122.91 122.56 120.9 118.31 115.38 107.55 101.22 96.09 91.36 86.17 85.54 90.21 95.92 101.99 105.25 105.4 105.03 109 111.29 114.84 117.06 116.18 113.46 109.27 106.89 107.07 109.49 112.05 116.55 118.65 120.78 122.56 124.95 126.31 127.75 128.73 129.19 128.16 127.61 126.2 124.68 122.43 122.42 123.57 123.45 122.14 122.12 119.27 115.97 112.58 106.07 100.16 95.95 97.4 103.27 107.91 109.18 110.32 113 115.49 116.27 118.92 121.11 123.4 124.77
102.26 105.5 109.04 112.8 116.99 120.11 122.41 124.98 125.19 123.89 123.54 122.62 122.24 120.19 116.65 110.35 102.74 96 90.9 86.08 85.5 89.6 94.19 97.3 100.35 102.97 106.65 109.58 112.37 114.91 115.17 112.75 110.19 107.13 105.23 107.62 111.3 114.02 116.35 117.66 119.67 121.43 122.03 123.74 124.73 126.63 128.69 127.44 125.74 124.02 123.21 120.94 120.88 122.08 121.73 120.62 121.57 121.03 119.82 116.88 109.73 104.2 99.5 95.59 100.47 104.15 107.74 110.39 112.38 112.7 113.79 116.8 120.35 123.2 123.03
102.25 107.16 112.45 116 118.36 121.11 123.52 125.11 125.37 124.32 122.81 121.39 121.17 120.3 117.33 111.66 104.53 96.44 90.48 85.26 86.27 89.53 95.18 99.74 103.3 105.48 106.55 108.05 110.72 112.94 111.31 109.34 106.33 104.67 104.44 107.43 110.28 110.92 112.52 115.3 116.52 117.89 118.52 118.03 121.38 125.1 127.8 126.65 123.9 122.05 121.68 120.62 118.58 119.55 118.89 118.52 120.81 121.5 121.45 118.03 110.67 104.59 99.66 95.06 97.77 103.91 107.79 109.33 109.59 110.57 113.64 118.42 121.23 123.2 122.35
103.24 110.66 115.21 119.27 121.55 123.05 124.04 124.53 124.78 123.59 121.14 118.6 118.91 118.9 116.11 111.41 103.27 94.55 90 87.3 85.47 88.36 93.86 99.37 103.16 105.11 104.71 104.34 106.84 108.02 106.99 105.4 104.24 101.99 105.36 107.67 108.11 108.95 111.12 111.7 113.31 114.17 115.1 115.75 117.51 122.1 126.99 125.04 122.55 120.65 119.46 116.4 115.73 115.92 116.04 117.36 121.03 121.95 121.06 116.92 109.4 103.24 96.66 93.69 98.85 104.93 107.05 107.47 107.42 110.26 113.68 119.39 122.39 122.21 120.33
106.4 114.75 118.63 121.27 122.17 123.02 122.44 122.99 124.06 123.15 120.46 116.33 115.68 115.75 113.89 107.7 99.6 94.02 92.52 91.38 85.56 86.28 90.64 96.66 99.35 101.13 101.29 102.71 105.19 105.41 103.61 102.11 100.76 101.75 104.87 105.45 105.34 106.48 108.83 109.46 111.06 112.37 115.54 120.18 123.87 126.94 126.43 124.58 123.32 122.45 120.68 119.85 117.32 115.56 114.7 116.19 120.26 121.47 120.61 115.3 109.98 103.3 96.74 93.29 98.77 103.85 105.33 105.64 107.63 111.12 116.14 120.37 121.47 120.2 117.79
107.67 117.67 121.65 123.07 121.92 121.03 120.89 121.64 122.52 122.75 120.61 116.63 111.83 110.86 110.03 103.96 97.92 99.46 97.28 95.54 87.81 84.95 87.49 91.05 94.72 95.33 98.92 101.94 103.75 103.84 101.87 99.35 100.57 102.37 102.73 103.43 105.16 107.03 108.05 109.83 111.88 114.77 115.56 120.42 127.11 128.56 127.31 125.41 123.57 122.1 121.14 120.44 119.04 117.31 114.54 116.35 120.58 120.7 119.06 113.21 108.43 102.43 95.46 92.48 95.14 101.78 101.77 104.21 107.68 111.43 115.82 120.44 120.6 118.55 114.62
111.37 119.03 122.6 123.49 121.55 118.59 117.86 118.31 121.08 122.11 120.93 115.42 109.6 107.14 105.25 102.19 107.19 108.38 104.62 98.17 91.86 85.24 84.29 86.19 88.29 91.53 96.89 99.51 101.61 101.46 99.21 98.18 101.92 105.9 107.51 107.08 106.07 108.76 110.99 113.82 115.5 117.61 119.24 122.28 128.07 128.83 127.47 125.21 121.75 120.32 119.36 118.92 117.33 114.8 112.8 118.52 120.43 119.78 116.86 112.32 108.46 104.24 99.17 95.1 92.5 95.49 98.62 102.88 106.86 110.43 114.71 119.21 118.27 116.88 113.08
115.03 119.07 120.82 121.75 119.65 116.28 114.05 116.58 120.28 121.36 121.3 117.55 113.85 108.86 107.57 108.62 113.4 111.4 107.67 103.06 95.67 87.35 84.28 86.13 89.03 89.68 95.98 98.67 98.85 98.22 97.6 99.03 102.96 106.32 109.17 110.95 110.24 109.31 110.4 114.82 117.73 122.44 124.26 126.3 129.39 129.3 127.29 124.54 120.86 118.51 116.73 115.82 114.83 111.77 115.2 117.71 118.85 118.43 114.11 110.6 107.81 104.22 99.85 95.73 90.9 93.9 99.51 105.1 108.34 112.65 116.7 117.35 115.12 114.29 111.94
115.71 117.98 118.76 118.58 116.29 113.8 112.1 115.72 119.44 121.89 122.47 121.9 118.94 116.07 115.73 116.04 115.29 112.2 107.74 103.26 96.94 89.07 83.7 87.57 93.6 91.56 92.64 95.21 95.15 95.42 100.24 104.05 105.3 106.36 109.76 112.59 114.45 114.57 114.02 114 117.77 122.85 125.86 128.19 129.15 128.2 125.81 123.79 120.07 119.12 118.91 116.17 111.94 110.43 114.36 117.67 117.54 115.51 111.34 109.23 106.51 102.72 98.18 94.22 92.68 93.35 98.99 106.03 110.65 114.68 116.69 115.33 111.13 110.95 109.78
112.51 116.51 116.09 115.13 113.14 111.12 111.59 115.36 119.36 122.5 123.65 123.61 123.73 122.02 119.74 117.1 115.33 111.41 106.69 102.54 98 90.86 85.13 85.47 92.59 94.46 93.68 95.77 97.56 100.59 104.64 106.85 108.32 109.9 111.78 112.91 115.81 117.79 118.9 119.47 116.57 120.13 124.74 127.71 128.1 126.29 122.84 120.04 119.34 117.98 118.43 116.17 112.1 108.77 111.87 117.21 115 112.7 108.89 107.36 104.57 100.66 96.64 93.27 92.15 94.27 102.52 107.67 111.38 114.7 114.27 112.99 110.08 107.49 108.09
110.24 112.57 111.67 110.43 109.87 108.74 112.27 116.29 119.86 123.34 124.39 124.52 123.94 123.12 119.75 115.07 112.46 111.01 106.75 101.01 96.99 91.1 85.17 83.72 90.62 94.81 96.08 99.38 101.44 103.34 104.99 105.8 107.65 108.78 110.84 112.51 114.59 117.53 119.81 122.93 121.91 122.43 126.54 128.5 126.68 123.54 118.82 117.01 115.92 114.84 114.97 114.26 112.99 109.68 107.71 114.11 112.16 110.07 108.26 105.39 102.02 98.28 94.74 91.82 91.82 98.99 105.58 109.24 113.06 113.83 113.55 110.54 107.84 106.05 109.08
106.87 106.17 105.23 104.54 106.98 110.33 114.55 118 121.89 123.96 124.17 123.48 123.18 122.1 118.78 115.02 110.29 106.48 105.18 100.82 95.37 89.76 83.84 83.68 90.09 93.55 96.02 96.75 97.55 99.96 103.14 104.91 106.95 109.61 111.42 112.5 114.44 116.83 120.88 125.09 126.17 127.35 128.35 129.07 125.41 121.17 118.8 115.85 113.57 113.02 111.23 110.09 109.88 109.26 105.48 108.27 108.18 107.87 107.8 105.21 101.55 96.71 92.95 91.18 93.3 100.54 106.49 109.48 112.96 113.42 111.77 108.75 106.24 104.69 108.78
100.3 100.12 103.49 110.09 113.14 114.92 118.32 120.4 122.28 121.85 122.22 121.5 120.58 121.04 117.51 113.35 108.31 102.84 100.29 98.91 93.79 88.83 81.36 84.78 87.82 90.42 92.59 95.51 101.04 105.15 108.25 109.74 111.4 113.04 114.18 115.44 117.24 119.35 121.47 125.84 129.49 129.53 130.34 129.84 127.88 124.57 120.04 118.63 116.69 115.94 113.98 113.2 112.35 111.41 110.59 104.27 102.82 103.79 105.27 104.69 100.43 95.02 91.71 90.32 95.32 102.37 107.25 110.44 111.68 112.35 110.53 107.78 104.56 104.06 106.77
99.44 103.68 108.45 111.98 115.46 118.32 120.36 120.78 120.74 119.87 119.68 118.43 117.58 119.71 116.06 111.66 107.64 104.26 98.86 95.21 92.32 88.12 82.75 86.04 90.97 91.19 92.4 98.26 104.02 108.68 110.49 111.31 112.76 114.31 115.62 116.81 119.18 122.46 125.03 127.32 129.8 130.58 130.62 129.58 128.42 125.28 123.03 121.87 119.93 118.23 117.72 117.27 116.31 115 113.85 111.47 106.11 102.38 104.83 104.55 98.76 93.06 90.81 91.73 97.34 104.65 107.99 110.65 110.67 110.69 109.18 107.22 102.83 103.54 105.87
103.28 103.72 106.26 110.3 115.01 118.51 120.67 120.22 119.68 117.62 115.52 114.08 116.11 116.84 112.55 110.58 107.59 104.92 100.13 96.01 91.68 86.02 81.77 83.95 92.35 97.24 94.57 95.09 101.57 107.08 110.46 110.73 112.53 114.61 116.33 117.96 120 122.85 125.16 128.24 130.24 130.57 129.16 128.34 127.21 126.47 125.97 123.48 120.1 117.74 115.92 115.06 115.32 115.11 114.01 111.74 107.37 101.51 104.56 103.25 98.25 92.35 90.14 94.68 102.27 106.39 108.89 109.77 109.05 108.85 108.86 106.99 100.12 105.52 108.62
106.48 107.2 108.7 112.34 116.83 119.85 119.98 119.27 116.7 114.29 112.1 112.59 115.85 112.27 108.2 106.36 105.81 103.52 99.53 95.92 91.16 84.65 81.66 83.94 96.07 101.61 103.7 99.53 97.21 99.81 104.74 108.45 112.42 114.1 115.21 115.97 117.32 119.7 122.28 128.13 130.03 129.66 126.97 125.09 125.34 126.26 125.76 123.12 119.41 115.14 112.7 111.54 112.5 114.09 111.91 108.18 105.11 100.48 103.39 102.17 98.07 92.05 90.24 98.37 104.17 106.48 108.74 108.8 107.77 106.89 107.33 103.28 103.13 105.87 107.32
107.81 110.78 113.88 115.27 118.75 119.55 118.89 116.75 114.16 112.01 109.77 110.98 112.11 109.2 104.79 102.3 102.32 101.19 98.07 94.47 87.91 82.07 80.27 87.54 97.78 103.6 106.42 106.96 105.83 104.07 102.41 107.34 112.44 113.38 114.03 113.92 115.47 118.43 123.32 127.84 128.74 126.51 124.65 122.1 123.59 124.74 123.64 123.26 120.92 116.36 113.18 110.06 108.57 109.05 108.58 106.08 103.89 99.68 103.99 101.83 97.01 92.62 91.3 98.83 104.17 105.96 107.11 107.4 105.76 105.01 104.51 99.56 103.99 104.29 105.39
103.05 110.09 114.88 117.66 118.64 119.15 117.93 116.26 112.64 109.37 107.51 109.6 110.39 106.23 101.27 98.32 98.03 96.86 94.78 92.08 84.01 80.99 81.12 88.02 96.17 101.78 107.21 109.93 110.73 111.28 110.24 106.26 106.98 108.38 109.85 111.98 113.75 117.12 122.57 127.17 126.47 125.06 124.13 119.97 122.19 122.41 121.19 120.93 122.26 120.57 116.56 112.99 110.29 107.56 105.41 102.6 99.48 101.5 103.37 99.86 96.17 92.03 91.65 99.03 104.69 105.26 105.6 106 105.28 102.67 100.84 97.51 101.94 105.42 106.23
