data/DEM10m.asc
ncols    157
nrows    465
xllcorner    338966.945024
yllcorner    552755.000000
cellsize    10.000000
NODATA_value    -9999
[rows 363 to 395 of 465, columns 0 to 72 of 157]
41.705 41.605 41.505 41.403 41.295 41.195 41.087 40.985 40.883 40.775 40.672 40.568 40.465 40.358 40.218 40.01 39.807 39.63 39.472 39.145 37.587 35.568 33.61 31.775 30.035 28.54 27.74 27.04 26.35 25.573 25.24 25.02 24.8 24.58 24.065 23.378 22.845 22.375 21.907 21.42 20.892 20.402 20.382 20.552 20.694 20.976 21.345 21.491 21.823 21.92 21.87 21.82 21.77 21.72 21.67 21.605 21.512 21.395 21.273 21.203 21.24 21.295 21.385 21.402 21.297 21.195 21.095 20.992 20.885 20.785 20.685 20.575 20.475
41.667 41.565 41.462 41.355 41.252 41.148 41.045 40.938 40.835 40.733 40.625 40.525 40.417 40.315 40.205 40.015 39.81 39.602 39.41 39.127 37.49 35.583 33.66 31.738 29.948 28.32 27.185 26.355 25.567 25.205 24.98 24.76 24.54 24.323 23.983 23.32 22.808 22.34 21.87 21.4 20.886 20.431 20.405 20.595 20.743 21.147 21.269 21.782 21.89 21.84 21.79 21.74 21.69 21.64 21.59 21.54 21.49 21.438 21.36 21.26 21.145 21.115 21.17 21.225 21.27 21.2 21.098 20.995 20.89 20.79 20.685 20.58 20.48
41.625 41.517 41.415 41.313 41.205 41.105 40.998 40.895 40.792 40.685 40.585 40.477 40.375 40.27 40.165 40.02 39.81 39.608 39.4 39.093 37.545 35.638 33.708 31.76 29.87 28.33 26.905 26.027 25.383 25.038 24.77 24.517 24.282 24.07 23.828 23.265 22.77 22.3 21.82 21.297 20.573 20.272 20.472 20.721 20.882 21.337 21.913 21.865 21.815 21.765 21.715 21.665 21.615 21.565 21.515 21.465 21.415 21.365 21.315 21.265 21.207 21.12 21.032 21.04 21.1 21.067 20.96 20.86 20.76 20.652 20.585 20.55 20.56
41.578 41.475 41.373 41.265 41.165 41.057 40.955 40.85 40.745 40.642 40.535 40.435 40.328 40.225 40.123 40.005 39.818 39.61 39.405 39.065 37.547 35.555 33.535 31.517 29.613 28.165 26.735 25.825 25.253 24.89 24.628 24.36 24.098 23.835 23.595 23.215 22.705 22.17 21.61 21.055 20.232 20.308 20.523 20.859 21.201 21.663 21.835 21.785 21.735 21.685 21.635 21.585 21.535 21.485 21.435 21.385 21.335 21.285 21.235 21.185 21.135 21.085 21.035 20.962 20.935 20.92 20.82 20.762 20.733 20.74 20.75 20.765 20.78
41.575 41.44 41.325 41.222 41.115 41.015 40.907 40.805 40.703 40.595 40.495 40.388 40.285 40.182 40.075 39.972 39.82 39.612 39.41 39.028 37.295 35.245 33.225 31.205 29.315 27.885 26.515 25.705 25.125 24.747 24.48 24.218 23.95 23.688 23.3 22.7 22.328 21.878 21.413 20.571 20.142 20.363 20.791 21.181 21.501 21.82 21.773 21.723 21.672 21.625 21.575 21.527 21.477 21.427 21.38 21.33 21.282 21.233 21.185 21.137 21.09 21.043 20.997 20.942 20.895 20.865 20.892 20.925 20.95 20.96 20.973 20.985 21
41.69 41.525 41.36 41.208 41.08 40.968 40.865 40.763 40.655 40.553 40.447 40.345 40.237 40.135 40.032 39.925 39.81 39.617 39.41 38.995 37.068 34.907 32.915 30.895 29.02 27.61 26.367 25.605 24.997 24.6 24.337 24.07 23.76 23.163 22.477 22.035 21.733 21.41 21.087 20.439 20.169 20.429 21.038 21.31 21.728 21.855 21.808 21.762 21.712 21.67 21.62 21.575 21.53 21.483 21.44 21.39 21.35 21.305 21.255 21.203 21.148 21.087 21.04 20.997 20.948 20.915 20.957 21.008 21.058 21.108 21.152 21.185 21.215
41.81 41.65 41.48 41.32 41.155 40.99 40.845 40.718 40.612 40.505 40.405 40.297 40.195 40.093 39.985 39.885 39.778 39.62 39.415 38.943 36.873 34.58 32.587 30.585 28.735 27.39 26.242 25.525 24.878 24.453 24.185 23.718 23.115 22.605 22.15 21.892 21.663 21.345 21.015 20.099 20.211 20.695 21.239 21.543 21.975 21.93 21.88 21.837 21.79 21.747 21.705 21.663 21.617 21.573 21.523 21.47 21.405 21.345 21.277 21.218 21.175 21.148 21.098 21.047 20.997 20.965 21.008 21.058 21.108 21.157 21.207 21.255 21.302
41.917 41.77 41.602 41.44 41.28 41.11 40.95 40.788 40.62 40.483 40.358 40.255 40.148 40.045 39.943 39.835 39.735 39.612 39.42 38.845 36.675 34.328 32.22 30.267 28.47 27.215 26.12 25.445 24.777 24.262 23.765 23.282 22.8 22.32 21.957 21.742 21.525 21.28 20.853 19.996 20.231 20.855 21.385 21.648 22.055 22.015 21.97 21.93 21.883 21.835 21.785 21.725 21.665 21.6 21.535 21.47 21.407 21.35 21.313 21.295 21.255 21.198 21.148 21.098 21.047 21.015 21.058 21.108 21.157 21.207 21.258 21.302 21.352
41.94 41.877 41.725 41.56 41.4 41.233 41.07 40.91 40.74 40.58 40.417 40.252 40.117 40.002 39.895 39.795 39.688 39.585 39.42 38.745 36.475 34.135 31.87 29.88 28.113 26.87 26 25.332 24.665 24.017 23.477 22.995 22.51 22.06 21.805 21.59 21.375 21.155 20.435 20.015 20.368 21.268 21.618 21.919 22.152 22.1 22.04 21.98 21.925 21.855 21.795 21.73 21.66 21.595 21.535 21.492 21.457 21.435 21.413 21.355 21.302 21.247 21.198 21.148 21.098 21.065 21.108 21.157 21.207 21.258 21.302 21.352 21.402
41.938 41.89 41.835 41.68 41.52 41.355 41.19 41.03 40.865 40.7 40.54 40.37 40.21 40.05 39.888 39.752 39.645 39.538 39.415 38.605 36.28 33.94 31.372 29.108 27.328 26.51 25.865 25.205 24.538 23.89 23.247 22.707 22.225 21.872 21.655 21.44 21.227 21.03 20.281 20.08 20.424 21.483 21.673 21.79 22.177 22.115 22.05 21.985 21.922 21.852 21.785 21.723 21.675 21.63 21.6 21.58 21.56 21.51 21.453 21.402 21.35 21.297 21.247 21.198 21.148 21.113 21.157 21.207 21.258 21.308 21.352 21.402 21.453
41.93 41.89 41.85 41.788 41.64 41.48 41.31 41.15 40.987 40.82 40.66 40.495 40.33 40.17 40.002 39.84 39.68 39.523 39.395 38.43 36.125 33.505 30.275 28.51 27.407 26.517 25.733 25.073 24.415 23.765 23.117 22.477 21.97 21.73 21.54 21.363 21.19 21.02 20.28 20.085 20.694 21.482 21.573 22.245 22.18 22.113 22.045 21.975 21.915 21.86 21.81 21.767 21.74 21.72 21.707 21.67 21.605 21.552 21.503 21.453 21.398 21.348 21.297 21.247 21.195 21.163 21.207 21.258 21.308 21.352 21.402 21.453 21.503
41.93 41.89 41.847 41.8 41.745 41.6 41.432 41.27 41.11 40.94 40.78 40.617 40.45 40.29 40.125 39.96 39.8 39.635 39.468 38.498 36.17 32.87 29.96 28.79 27.863 26.918 25.975 25.032 24.363 23.74 23.117 22.49 21.887 21.727 21.582 21.43 21.262 21.062 20.362 20.13 20.961 21.534 21.901 22.238 22.165 22.1 22.045 21.995 21.945 21.907 21.88 21.86 21.848 21.832 21.767 21.705 21.652 21.602 21.552 21.503 21.448 21.398 21.348 21.297 21.242 21.212 21.258 21.308 21.352 21.402 21.453 21.503 21.552
41.93 41.888 41.84 41.8 41.76 41.703 41.555 41.39 41.23 41.065 40.9 40.74 40.57 40.41 40.25 40.08 39.92 39.758 39.575 38.593 36.32 32.602 29.688 28.36 27.465 26.525 25.605 24.988 24.523 23.92 23.3 22.655 21.898 21.715 21.543 21.407 21.295 20.991 20.318 20.313 20.953 21.805 22.29 22.233 22.18 22.13 22.087 22.05 22.02 22 21.985 21.98 21.933 21.86 21.808 21.753 21.703 21.652 21.602 21.55 21.497 21.448 21.398 21.345 21.293 21.262 21.308 21.358 21.402 21.453 21.503 21.552 21.602
41.928 41.88 41.84 41.8 41.758 41.71 41.657 41.51 41.35 41.188 41.02 40.86 40.695 40.53 40.37 40.203 40.04 39.873 39.675 38.587 36.375 32.23 29.767 28.003 27.073 26.15 25.535 25.095 24.652 24.108 23.48 22.738 21.91 21.725 21.545 21.365 21.2 20.986 20.344 20.336 21.089 22.069 22.32 22.27 22.223 22.19 22.17 22.142 22.122 22.115 22.093 22.017 21.957 21.907 21.855 21.802 21.753 21.703 21.652 21.598 21.547 21.497 21.448 21.395 21.343 21.313 21.358 21.402 21.453 21.503 21.552 21.602 21.652
41.92 41.88 41.84 41.797 41.75 41.71 41.67 41.612 41.47 41.31 41.14 40.98 40.818 40.65 40.49 40.325 40.157 39.975 39.775 38.59 36.023 31.988 29.935 27.892 26.7 26.085 25.642 25.2 24.755 24.28 23.665 22.76 21.922 21.735 21.555 21.375 21.195 21.015 20.269 20.269 21.171 22.138 22.36 22.33 22.31 22.29 22.267 22.255 22.247 22.19 22.11 22.058 22.008 21.957 21.905 21.852 21.802 21.753 21.703 21.648 21.598 21.547 21.497 21.442 21.392 21.363 21.405 21.453 21.503 21.552 21.602 21.652 21.703
41.92 41.88 41.837 41.79 41.75 41.71 41.667 41.62 41.568 41.43 41.265 41.1 40.94 40.77 40.61 40.45 40.265 40.07 39.875 38.48 35.37 31.675 29.413 27.677 26.648 26.198 25.753 25.305 24.865 24.42 23.782 22.77 21.933 21.75 21.567 21.385 21.207 21.04 20.096 20.203 21.282 22.47 22.45 22.43 22.41 22.398 22.395 22.36 22.275 22.21 22.157 22.108 22.058 22.008 21.953 21.902 21.852 21.802 21.747 21.698 21.648 21.598 21.545 21.492 21.442 21.413 21.453 21.503 21.552 21.602 21.652 21.703 21.753
41.92 41.877 41.83 41.79 41.75 41.708 41.66 41.62 41.58 41.525 41.388 41.22 41.06 40.895 40.73 40.563 40.365 40.17 39.94 37.565 34.167 30.957 28.955 27.468 26.813 26.35 25.89 25.435 24.97 24.512 23.85 22.782 21.945 21.76 21.58 21.407 21.235 21.038 19.941 20.094 21.33 22.57 22.55 22.535 22.535 22.517 22.44 22.365 22.313 22.258 22.207 22.157 22.108 22.055 22.003 21.953 21.902 21.852 21.797 21.747 21.698 21.648 21.595 21.543 21.492 21.46 21.503 21.552 21.602 21.652 21.703 21.753 21.8
41.917 41.87 41.83 41.79 41.748 41.7 41.66 41.62 41.578 41.53 41.48 41.34 41.18 41.017 40.847 40.663 40.465 40.235 39.633 36.847 33.367 30.567 28.965 27.552 26.825 26.363 25.898 25.435 24.977 24.555 23.99 22.825 21.955 21.765 21.58 21.375 21.168 20.968 20.007 20.01 21.338 22.672 22.665 22.663 22.617 22.525 22.462 22.413 22.363 22.308 22.258 22.207 22.157 22.105 22.052 22.003 21.953 21.9 21.848 21.797 21.747 21.698 21.642 21.593 21.543 21.51 21.552 21.602 21.652 21.703 21.753 21.802 21.832
41.91 41.87 41.83 41.788 41.74 41.7 41.66 41.617 41.57 41.53 41.49 41.438 41.3 41.14 40.955 40.737 40.47 40.185 39.157 36.242 32.943 30.605 29.148 27.742 26.815 26.355 25.89 25.435 25.025 24.625 24.13 23.02 22.063 21.8 21.608 21.413 21.22 21.025 20.216 19.873 21.014 22.805 22.782 22.7 22.617 22.563 22.512 22.462 22.41 22.358 22.308 22.258 22.205 22.152 22.102 22.052 22.003 21.948 21.898 21.848 21.797 21.745 21.692 21.642 21.593 21.56 21.602 21.652 21.703 21.753 21.802 21.85 21.865
41.91 41.87 41.828 41.78 41.74 41.7 41.657 41.61 41.57 41.53 41.49 41.443 41.39 41.237 40.985 40.695 40.415 40.125 38.417 35.492 32.58 30.795 29.335 27.927 26.858 26.345 25.892 25.485 25.085 24.688 24.273 23.305 22.352 21.885 21.692 21.5 21.335 21.235 20.403 19.817 20.658 22.689 22.78 22.715 22.663 22.613 22.563 22.512 22.457 22.407 22.358 22.308 22.255 22.203 22.152 22.102 22.052 21.997 21.948 21.898 21.848 21.795 21.742 21.692 21.642 21.61 21.652 21.703 21.753 21.802 21.85 21.887 21.89
41.91 41.867 41.82 41.78 41.74 41.697 41.65 41.61 41.57 41.53 41.483 41.428 41.34 41.08 40.765 40.465 40.175 39.715 37.495 34.625 32.367 30.902 29.483 28.115 26.95 26.36 25.955 25.555 25.155 24.755 24.348 23.625 22.71 22.003 21.883 21.85 21.825 21.805 20.833 19.756 20.464 22.457 22.817 22.765 22.712 22.663 22.613 22.563 22.508 22.457 22.407 22.358 22.302 22.253 22.203 22.152 22.1 22.047 21.997 21.948 21.895 21.843 21.793 21.742 21.692 21.657 21.703 21.753 21.802 21.852 21.9 21.915 21.918
41.907 41.86 41.82 41.78 41.737 41.69 41.65 41.61 41.568 41.505 41.415 41.325 41.155 40.84 40.502 40.078 39.638 38.718 36.587 34.203 32.343 30.872 29.555 28.343 27.113 26.415 26.015 25.615 25.215 24.813 24.355 23.718 22.828 22.155 22.085 22.035 21.985 21.927 21.178 19.706 20.309 22.4 22.82 22.805 22.762 22.712 22.663 22.608 22.558 22.508 22.457 22.405 22.352 22.302 22.253 22.203 22.148 22.098 22.047 21.997 21.945 21.892 21.843 21.793 21.742 21.707 21.753 21.802 21.852 21.9 21.94 21.945 21.945
41.9 41.86 41.82 41.778 41.73 41.69 41.645 41.578 41.485 41.39 41.295 41.237 40.703 40.097 39.55 39.008 38.46 37.852 35.962 34.06 32.3 30.898 29.587 28.385 27.26 26.475 26.07 25.668 25.265 24.84 24.345 23.773 22.913 22.323 22.235 22.175 22.093 21.957 21.77 19.748 19.902 22.09 22.785 22.78 22.77 22.753 22.712 22.657 22.608 22.558 22.508 22.455 22.402 22.352 22.302 22.253 22.198 22.148 22.098 22.047 21.992 21.942 21.892 21.843 21.79 21.758 21.802 21.852 21.9 21.948 21.975 21.975 21.975
41.9 41.86 41.818 41.77 41.72 41.645 41.555 41.458 41.388 41.38 41.41 41.292 40.685 39.57 38.593 37.822 37.273 36.727 35.53 33.627 32.05 30.672 29.547 28.48 27.385 26.525 26.125 25.725 25.317 24.835 24.33 23.813 22.997 22.492 22.402 22.273 22.1 21.948 21.793 20.077 19.713 21.619 22.765 22.747 22.73 22.73 22.72 22.7 22.657 22.608 22.558 22.503 22.453 22.402 22.352 22.3 22.247 22.198 22.148 22.095 22.043 21.992 21.942 21.892 21.837 21.808 21.852 21.902 21.95 21.992 22 22 22
41.9 41.858 41.795 41.715 41.62 41.53 41.502 41.532 41.593 41.627 41.52 41.345 40.898 39.895 38.765 37.64 36.532 35.648 34.82 33.282 31.962 30.767 29.64 28.578 27.505 26.585 26.185 25.785 25.325 24.823 24.32 23.82 23.085 22.665 22.555 22.358 22.148 21.953 21.788 20.562 19.602 20.593 22.755 22.735 22.715 22.698 22.683 22.675 22.67 22.65 22.605 22.552 22.503 22.453 22.402 22.348 22.297 22.247 22.198 22.145 22.093 22.043 21.992 21.942 21.887 21.858 21.902 21.95 21.997 22.025 22.025 22.025 22.025
41.87 41.785 41.693 41.63 41.633 41.695 41.763 41.815 41.843 41.75 41.572 41.395 41.015 40.21 39.09 37.96 36.83 35.703 34.6 33.403 32.175 30.985 29.797 28.67 27.608 26.648 26.245 25.813 25.313 24.81 24.31 23.81 23.172 22.832 22.663 22.453 22.24 22.027 21.823 20.754 19.574 20.225 22.615 22.73 22.71 22.69 22.67 22.65 22.633 22.625 22.62 22.595 22.552 22.503 22.45 22.398 22.348 22.297 22.247 22.192 22.142 22.093 22.043 21.99 21.938 21.907 21.953 21.997 22.045 22.055 22.055 22.055 22.055
41.77 41.745 41.79 41.858 41.922 41.983 42.028 42.06 41.975 41.8 41.623 41.447 41.115 40.447 39.41 38.28 37.153 36.065 35.03 33.825 32.54 31.258 30.023 28.828 27.703 26.742 26.29 25.802 25.3 24.8 24.3 23.795 23.247 22.962 22.753 22.543 22.332 22.12 21.91 20.975 19.627 20.131 22.455 22.725 22.705 22.685 22.665 22.645 22.625 22.605 22.587 22.575 22.57 22.545 22.497 22.448 22.398 22.348 22.295 22.242 22.192 22.142 22.093 22.038 21.988 21.957 22 22.047 22.08 22.082 22.085 22.085 22.085
42.75 42.245 42.102 42.153 42.203 42.24 42.275 42.205 42.028 41.85 41.675 41.5 41.21 40.575 39.73 38.608 37.53 36.5 35.472 34.27 32.98 31.692 30.405 29.12 27.872 26.828 26.295 25.79 25.293 24.8 24.302 23.813 23.337 23.058 22.848 22.635 22.425 22.215 22.003 21.39 19.721 19.838 21.948 22.628 22.645 22.655 22.655 22.64 22.62 22.6 22.575 22.555 22.538 22.523 22.517 22.492 22.448 22.398 22.345 22.293 22.242 22.192 22.14 22.087 22.038 22.005 22.047 22.098 22.11 22.11 22.11 22.11 22.11
44.175 43.795 43.645 43.343 43.045 42.93 42.61 42.333 42.165 42.008 41.855 41.705 41.46 40.758 40.01 38.995 37.97 36.94 35.915 34.71 33.42 32.135 30.85 29.56 28.27 27.01 26.385 25.905 25.418 24.935 24.455 23.97 23.523 23.21 22.945 22.73 22.52 22.31 22.095 21.736 19.92 19.764 21.575 22.45 22.455 22.49 22.53 22.55 22.57 22.57 22.57 22.555 22.535 22.515 22.495 22.477 22.465 22.442 22.392 22.343 22.293 22.242 22.188 22.137 22.087 22.055 22.098 22.133 22.135 22.135 22.135 22.135 22.135
44.532 44.485 44.505 44.477 44.595 45.03 44.292 43.13 42.585 42.438 42.295 42.175 41.968 41.212 40.39 39.435 38.41 37.385 36.355 35.15 33.862 32.575 31.29 30 28.625 27.302 26.58 26.075 25.595 25.11 24.625 24.145 23.735 23.413 23.125 22.845 22.613 22.402 22.177 21.816 20.078 19.764 21.425 22.402 22.392 22.38 22.37 22.36 22.405 22.41 22.438 22.473 22.488 22.49 22.483 22.465 22.445 22.427 22.415 22.387 22.343 22.293 22.238 22.188 22.137 22.105 22.148 22.165 22.165 22.165 22.165 22.165 22.165
45.16 45.133 45.03 44.9 44.775 45.235 45.627 44.875 43.895 43.102 42.767 42.84 42.585 41.605 40.775 39.84 38.85 37.825 36.795 35.587 34.305 33.02 31.73 30.395 28.8 27.655 26.867 26.253 25.765 25.285 24.802 24.323 23.95 23.617 23.328 23.04 22.75 22.5 22.285 21.873 20.374 19.841 21.474 22.427 22.415 22.405 22.395 22.385 22.375 22.363 22.352 22.343 22.332 22.363 22.365 22.385 22.41 22.41 22.4 22.38 22.365 22.335 22.288 22.238 22.188 22.155 22.188 22.19 22.19 22.19 22.19 22.19 22.19
45.685 45.555 45.43 45.3 45.175 45.21 45.55 44.915 44.16 43.675 43.517 43.765 43.303 42.063 41.16 40.222 39.27 38.265 37.235 36.025 34.745 33.46 32.142 30.59 28.983 28.008 27.223 26.468 25.942 25.457 24.975 24.52 24.17 23.832 23.53 23.242 22.953 22.61 22.315 21.876 20.569 19.9 21.598 22.453 22.44 22.43 22.418 22.407 22.398 22.387 22.378 22.365 22.355 22.345 22.335 22.325 22.315 22.305 22.317 22.323 22.323 22.325 22.315 22.285 22.238 22.205 22.218 22.22 22.22 22.22 22.22 22.22 22.22
45.97 45.862 45.773 45.67 45.568 45.445 45.43 44.945 44.718 44.565 44.407 44.333 43.472 42.46 41.528 40.605 39.655 38.697 37.675 36.465 35.19 33.888 32.38 30.75 29.24 28.363 27.575 26.788 26.117 25.635 25.15 24.72 24.38 24.04 23.735 23.44 23.09 22.71 22.335 21.738 20.71 19.969 21.74 22.488 22.453 22.442 22.435 22.425 22.415 22.405 22.395 22.385 22.375 22.365 22.355 22.343 22.332 22.323 22.313 22.302 22.293 22.282 22.273 22.27 22.26 22.245 22.245 22.245 22.245 22.245 22.245 22.245 22.245
