data/DEM10m.asc
ncols    157
nrows    465
xllcorner    338966.945024
yllcorner    552755.000000
cellsize    10.000000
NODATA_value    -9999
[rows 198 to 230 of 465, columns 73 to 145 of 157]
15.37 15.37 15.373 15.377 15.387 15.398 15.408 15.418 15.428 15.438 15.455 15.545 15.675 15.803 15.93 16.06 16.19 16.32 16.45 16.552 16.52 16.46 16.405 16.35 16.293 16.255 16.18 17.89 15.303 13.153 12.099 12.18 13.227 17.98 16.9 17.005 17.09 17.175 17.258 17.37 17.665 17.86 17.53 17.047 16.625 16.27 16.332 16.67 16.73 16.73 16.725 16.723 17.203 18.355 19.685 20.755 20.808 20.835 20.823 20.805 20.782 20.76 20.785 20.835 20.907 21.012 21.203 21.41 21.555 20.727 18.477 18.358 18.383
15.422 15.428 15.438 15.447 15.457 15.467 15.477 15.488 15.498 15.508 15.518 15.537 15.63 15.76 15.89 16.02 16.15 16.28 16.41 16.523 16.5 16.44 16.385 16.33 16.27 16.22 16.15 17.89 16.023 13.813 12.387 12.168 12.24 17.98 16.973 17.055 17.12 17.185 17.238 17.258 17.242 17.26 17.125 16.77 16.43 16.2 16.49 16.62 16.62 16.615 16.61 16.61 16.608 16.663 17.297 18.785 20.575 20.78 20.78 20.762 20.735 20.715 20.703 20.753 20.825 20.92 21.055 21.21 21.348 21.242 19.94 18.725 18.19
15.488 15.498 15.508 15.518 15.527 15.537 15.547 15.557 15.568 15.578 15.588 15.598 15.617 15.72 15.85 15.98 16.11 16.24 16.37 16.492 16.48 16.42 16.365 16.31 16.25 16.253 16.573 17.89 16.14 14.554 12.54 12.112 12.09 17.98 16.925 16.975 17.02 17.052 17.05 17.032 17.02 17.01 16.927 16.59 16.25 16.302 16.51 16.51 16.505 16.5 16.5 16.497 16.492 16.49 16.49 16.615 17.965 20.405 20.76 20.738 20.698 20.675 20.655 20.652 20.723 20.815 20.938 21.065 21.17 21.03 20.845 20.343 19.5
15.553 15.563 15.572 15.585 15.595 15.605 15.615 15.625 15.635 15.645 15.655 15.665 15.675 15.7 15.81 15.94 16.07 16.2 16.33 16.46 16.46 16.4 16.345 16.29 16.23 16.425 16.85 17.89 16.77 14.929 12.585 12.202 12.117 14.575 17.98 16.848 16.855 16.84 16.828 16.81 16.797 16.782 16.723 16.41 16.175 16.378 16.4 16.395 16.39 16.39 16.387 16.383 16.38 16.38 16.383 16.398 16.547 17.93 20.102 20.755 20.707 20.637 20.617 20.598 20.615 20.738 20.852 20.977 21.08 20.95 20.775 20.407 18.595
15.655 15.643 15.643 15.652 15.662 15.672 15.682 15.693 15.703 15.713 15.723 15.732 15.742 15.752 15.783 15.9 16.03 16.16 16.29 16.42 16.44 16.38 16.325 16.27 16.29 16.672 17.063 17.142 17.89 15.351 12.695 12.232 12.162 14.133 17.98 16.668 16.63 16.617 16.6 16.587 16.57 16.558 16.517 16.23 16.235 16.29 16.285 16.28 16.28 16.277 16.277 16.293 16.31 16.335 16.363 16.385 16.69 17.907 19.165 20.42 20.76 20.69 20.605 20.573 20.582 20.665 20.788 20.918 20.973 20.905 20.815 20.828 17.828
15.83 15.8 15.773 15.75 15.74 15.742 15.752 15.762 15.773 15.783 15.793 15.803 15.813 15.822 15.832 15.87 15.99 16.12 16.25 16.38 16.42 16.36 16.308 16.253 16.495 16.898 17.02 16.98 17.89 15.27 12.904 12.394 12.307 13.93 17.98 16.628 16.55 16.475 16.415 16.37 16.35 16.332 16.315 16.137 16.18 16.175 16.172 16.188 16.2 16.225 16.253 16.277 16.302 16.328 16.352 16.378 16.938 18.195 19.445 20.355 20.665 20.775 20.677 20.578 20.582 20.608 20.69 20.835 20.948 20.865 20.86 18.497 16.122
16.003 15.977 15.95 15.92 15.893 15.867 15.845 15.835 15.842 15.852 15.863 15.873 15.883 15.893 15.902 15.912 15.957 16.08 16.21 16.337 16.4 16.34 16.29 16.34 16.73 16.892 16.86 16.82 17.89 15.479 12.485 12.617 12.426 14.672 17.98 16.605 16.532 16.455 16.38 16.302 16.23 16.157 16.11 16.08 16.093 16.115 16.142 16.168 16.192 16.218 16.245 16.267 16.295 16.32 16.345 16.372 17.223 18.475 19.613 20.03 20.328 20.62 20.777 20.672 20.57 20.573 20.615 20.775 20.855 20.79 18.438 15.773 16.473
16.18 16.15 16.125 16.098 16.07 16.043 16.015 15.988 15.96 15.94 15.935 15.94 15.95 15.96 15.973 15.982 15.992 16.045 16.165 16.295 16.378 16.32 16.282 16.56 16.77 16.73 16.698 16.663 17.89 14.662 12.49 12.635 13.013 15.505 17.98 16.525 16.45 16.378 16.302 16.23 16.157 16.105 16.078 16.085 16.087 16.108 16.135 16.16 16.185 16.212 16.235 16.262 16.288 16.313 16.337 16.462 17.505 18.745 19.39 19.69 19.983 20.28 20.58 20.797 20.755 20.727 20.685 20.705 20.785 18.9 15.66 17.03 17.92
16.355 16.328 16.3 16.273 16.245 16.218 16.19 16.163 16.135 16.108 16.08 16.052 16.035 16.03 16.038 16.047 16.058 16.067 16.128 16.255 16.348 16.3 16.398 16.63 16.61 16.573 16.575 16.62 17.89 14.564 12.718 12.603 13.267 17.98 16.512 16.438 16.363 16.29 16.218 16.165 16.14 16.12 16.108 16.115 16.13 16.125 16.13 16.152 16.177 16.205 16.227 16.255 16.28 16.305 16.332 16.6 17.79 18.725 19.05 19.345 19.64 19.93 20.16 20.313 20.698 20.887 20.81 20.785 19.608 15.725 18.245 19.62 19.515
16.53 16.503 16.475 16.448 16.42 16.392 16.365 16.34 16.31 16.282 16.258 16.23 16.2 16.172 16.148 16.133 16.128 16.137 16.148 16.215 16.317 16.308 16.492 16.483 16.483 16.527 16.578 16.63 17.89 14.35 12.717 12.586 13.982 17.98 16.422 16.35 16.28 16.233 16.2 16.18 16.16 16.142 16.133 16.133 16.18 16.172 16.168 16.163 16.175 16.195 16.223 16.247 16.273 16.297 16.325 16.817 17.973 18.41 18.707 19 19.25 19.435 19.61 19.72 19.817 20.242 20.85 20.105 15.885 18.35 20.762 20.207 19.83
16.422 16.438 16.453 16.457 16.453 16.445 16.438 16.433 16.427 16.42 16.41 16.402 16.378 16.35 16.32 16.293 16.267 16.24 16.227 16.23 16.288 16.352 16.392 16.43 16.475 16.515 16.55 16.585 18.04 13.323 12.519 12.7 14.477 17.98 16.34 16.293 16.27 16.25 16.22 16.2 16.183 16.172 16.163 16.152 16.207 16.223 16.218 16.212 16.207 16.203 16.215 16.238 16.265 16.29 16.315 17.098 17.77 18.07 18.335 18.532 18.707 18.885 19.058 19.198 19.13 18.793 18.797 16.067 18.383 20.852 20.91 20.585 20.043
15.908 15.928 15.95 15.967 15.99 16.01 16.03 16.052 16.07 16.09 16.113 16.13 16.155 16.17 16.195 16.212 16.235 16.253 16.275 16.295 16.302 16.337 16.37 16.405 16.445 16.485 16.525 16.565 18.04 12.575 12.506 13.02 15.069 17.98 16.33 16.31 16.29 16.27 16.24 16.223 16.212 16.203 16.192 16.183 16.218 16.273 16.267 16.262 16.255 16.25 16.245 16.242 16.258 16.282 16.372 17.095 17.415 17.63 17.805 17.98 18.155 18.332 18.505 18.677 18.438 17.65 15.832 18.137 20.788 20.825 20.87 20.79 20.25
15.825 15.848 15.875 15.902 15.925 15.955 15.977 16.005 16.03 16.055 16.085 16.108 16.135 16.16 16.185 16.212 16.238 16.265 16.29 16.315 16.328 16.355 16.413 16.418 16.455 16.495 16.535 16.575 18.04 12.474 12.483 13.468 17.98 16.363 16.35 16.33 16.31 16.285 16.26 16.253 16.242 16.233 16.223 16.212 16.223 16.31 16.317 16.31 16.305 16.3 16.293 16.288 16.282 16.282 16.425 16.723 16.902 17.078 17.253 17.427 17.605 17.78 17.955 18.13 17.775 16.758 16.117 19.405 20.642 20.735 20.793 20.823 20.48
15.865 15.895 15.918 15.945 15.97 15.995 16.023 16.047 16.075 16.1 16.125 16.152 16.177 16.205 16.23 16.255 16.282 16.305 16.335 16.352 16.358 16.367 16.43 16.532 16.505 16.505 16.545 16.585 18.04 12.407 12.566 14.068 18.08 16.345 16.37 16.35 16.33 16.305 16.288 16.277 16.267 16.26 16.25 16.242 16.238 16.323 16.365 16.36 16.355 16.35 16.343 16.337 16.332 16.33 16.367 16.38 16.45 16.547 16.703 16.875 17.052 17.227 17.402 17.578 17.192 16.5 16.81 18.203 20.24 20.622 20.685 20.767 20.715
15.91 15.935 15.963 15.988 16.015 16.04 16.065 16.093 16.115 16.145 16.17 16.195 16.223 16.245 16.275 16.297 16.325 16.352 16.372 16.38 16.387 16.392 16.415 16.51 16.635 16.64 16.58 16.593 18.04 12.378 12.519 13.939 18.08 16.223 16.39 16.37 16.35 16.33 16.317 16.308 16.297 16.288 16.277 16.267 16.258 16.32 16.41 16.41 16.402 16.398 16.392 16.387 16.383 16.42 16.5 16.517 16.512 16.508 16.52 16.54 16.605 16.705 16.85 17.025 16.725 16.758 17.34 18.032 19.82 20.54 20.66 20.775 20.87
15.955 15.98 16.005 16.032 16.055 16.085 16.108 16.135 16.163 16.185 16.215 16.238 16.265 16.293 16.315 16.345 16.367 16.395 16.405 16.41 16.418 16.422 16.435 16.473 16.593 16.73 16.78 16.537 18.04 12.287 12.566 14.037 18.08 15.992 16.398 16.39 16.37 16.358 16.348 16.337 16.328 16.317 16.308 16.297 16.288 16.32 16.425 16.457 16.453 16.448 16.442 16.438 16.462 16.54 16.62 16.665 16.657 16.652 16.645 16.642 16.65 16.67 16.688 16.698 16.692 16.875 17.45 18.09 19.288 20.385 20.648 20.782 20.902
15.995 16.025 16.047 16.075 16.102 16.125 16.155 16.177 16.205 16.23 16.255 16.285 16.308 16.335 16.36 16.385 16.413 16.427 16.433 16.44 16.445 16.453 16.46 16.488 16.545 16.677 16.81 18.04 13.311 12.214 12.749 14.281 18.08 15.943 16.308 16.41 16.395 16.387 16.378 16.367 16.358 16.348 16.337 16.328 16.317 16.325 16.43 16.503 16.503 16.497 16.492 16.508 16.58 16.66 16.74 16.808 16.805 16.797 16.793 16.785 16.777 16.777 16.782 16.777 16.835 16.983 17.427 18.085 19.552 20.242 20.582 20.703 20.805
16.043 16.065 16.095 16.117 16.145 16.17 16.195 16.223 16.247 16.275 16.3 16.325 16.352 16.378 16.405 16.43 16.45 16.457 16.462 16.468 16.475 16.483 16.488 16.508 16.535 16.622 16.568 18.04 12.49 12.191 13.143 18.08 18.08 16.54 16.455 16.438 16.422 16.413 16.405 16.395 16.385 16.378 16.367 16.358 16.348 16.34 16.425 16.53 16.552 16.547 16.552 16.62 16.7 16.78 16.863 16.942 16.953 16.945 16.938 16.933 16.925 16.902 16.835 16.942 17.025 17.117 17.585 18.35 19.43 20.01 20.53 20.68 20.753
16.085 16.11 16.135 16.163 16.188 16.215 16.24 16.265 16.293 16.315 16.345 16.37 16.395 16.422 16.445 16.473 16.48 16.488 16.492 16.497 16.505 16.51 16.517 16.527 16.56 16.593 16.552 18.04 12.211 12.241 18.08 15.172 17.255 17.023 16.78 16.503 16.503 16.495 16.468 16.442 16.418 16.402 16.392 16.385 16.375 16.367 16.42 16.538 16.598 16.605 16.66 16.74 16.82 16.9 16.99 17.07 17.098 17.093 17.085 17.078 16.995 16.808 17.005 17.43 17.738 17.465 17.957 18.94 19.503 19.96 20.462 20.707 20.733
16.128 16.155 16.18 16.205 16.233 16.255 16.285 16.308 16.335 16.363 16.385 16.415 16.438 16.465 16.492 16.503 16.51 16.515 16.523 16.527 16.532 16.54 16.545 16.552 16.582 16.61 18.04 13.071 12.141 12.848 18.08 17.144 17.475 17.235 16.968 16.605 16.525 16.565 16.575 16.578 16.56 16.515 16.475 16.442 16.418 16.395 16.61 16.995 16.777 16.69 16.765 16.858 16.94 17.027 17.11 17.19 17.245 17.238 17.207 17.023 16.78 16.988 17.413 17.843 18.37 18.715 18.558 19.608 20.133 20.475 20.663 20.705 20.725
16.172 16.195 16.225 16.247 16.275 16.302 16.325 16.355 16.378 16.405 16.43 16.455 16.485 16.508 16.527 16.532 16.538 16.545 16.552 16.558 16.563 16.57 16.575 16.582 16.598 16.63 18.04 12.403 12.122 13.501 18.08 17.62 17.69 17.453 17.13 16.77 16.517 16.595 16.628 16.637 16.645 16.655 16.642 16.615 16.575 16.925 17.808 17.49 17.267 17.117 16.977 16.93 17 17.11 17.21 17.305 17.38 17.285 17.008 16.753 16.97 17.398 17.825 18.253 18.68 19.418 19.988 20.32 20.565 20.622 20.668 20.707 20.725
16.215 16.242 16.265 16.295 16.317 16.345 16.37 16.395 16.422 16.448 16.475 16.5 16.525 16.547 16.558 16.563 16.567 16.575 16.58 16.587 16.593 16.598 16.605 16.61 16.62 16.655 18.04 12.242 12.414 14.092 18.08 17.52 17.913 17.645 17.29 16.93 16.585 16.575 16.663 16.69 16.698 16.707 16.718 16.727 17.267 18.54 18.102 17.88 17.773 17.663 17.55 17.402 17.253 17.18 17.223 17.332 17.315 16.995 16.738 16.953 17.383 17.808 18.238 18.663 19.09 19.532 20.67 20.55 20.65 20.685 20.72 20.73 20.73
16.258 16.285 16.31 16.335 16.363 16.387 16.415 16.44 16.465 16.492 16.515 16.545 16.567 16.58 16.585 16.593 16.598 16.602 16.61 16.615 16.622 16.628 16.635 16.64 16.645 16.675 18.04 12.229 12.79 14.452 18.08 17.733 18.155 17.81 17.45 17.09 16.727 16.552 16.645 16.73 16.775 16.815 16.88 17.595 19.265 18.565 17.685 17.9 17.835 17.77 17.705 17.637 17.575 17.505 17.418 17.352 17.073 16.727 16.885 17.23 17.573 17.913 18.23 18.49 18.75 19.01 20.233 20.645 20.755 20.77 20.76 20.74 20.735
16.302 16.328 16.355 16.38 16.405 16.433 16.455 16.485 16.508 16.535 16.563 16.585 16.602 16.608 16.615 16.622 16.628 16.633 16.64 16.645 16.652 16.657 16.663 16.67 16.675 16.594 18.19 12.264 12.944 18.08 18.34 17.808 18.108 17.777 17.323 16.87 16.75 16.87 16.96 16.985 17.098 17.145 17.962 20.047 19.235 17.46 17.65 17.902 17.835 17.773 17.705 17.64 17.575 17.51 17.448 17.378 17.003 16.742 16.89 17.082 17.295 17.523 17.75 17.977 18.205 18.433 19.633 20.675 20.81 20.79 20.773 20.76 20.742
16.345 16.372 16.395 16.425 16.448 16.475 16.503 16.525 16.555 16.578 16.605 16.625 16.633 16.637 16.645 16.65 16.657 16.663 16.668 16.675 16.68 16.688 16.692 16.698 16.705 18.19 13.852 12.347 13.081 14.395 18.34 16.43 16.9 16.945 16.858 17.07 17.25 17.297 17.29 17.285 17.358 17.635 20.883 19.93 17.72 17.49 17.61 17.885 17.84 17.775 17.707 17.645 17.575 17.512 17.475 17.392 16.997 16.933 17.047 17.205 17.38 17.56 17.755 17.973 18.198 18.425 19.383 20.005 20.245 20.485 20.642 20.753 20.765
16.387 16.415 16.442 16.465 16.495 16.517 16.545 16.57 16.595 16.622 16.645 16.655 16.663 16.668 16.672 16.68 16.685 16.692 16.698 16.705 16.71 16.715 16.723 16.727 16.735 18.19 13.651 12.459 13.251 18.34 15.402 15.76 16.34 16.84 17.15 17.483 17.625 17.578 17.59 17.585 17.59 19.017 21.602 18.997 17.765 17.628 17.587 17.87 17.843 17.775 17.71 17.645 17.582 17.545 17.525 17.413 17.065 17.122 17.233 17.355 17.52 17.7 17.87 18.05 18.225 18.422 18.885 19.15 19.415 19.68 19.945 20.21 20.475
16.435 16.457 16.485 16.51 16.535 16.563 16.587 16.615 16.64 16.665 16.677 16.685 16.692 16.698 16.703 16.71 16.715 16.723 16.727 16.733 16.74 16.745 16.753 16.758 16.762 18.19 13.55 12.541 13.334 18.34 14.967 15.783 16.552 16.905 17.227 17.665 18.175 17.91 17.575 17.725 17.828 20.145 22.31 17.91 17.855 17.747 17.628 17.85 17.845 17.777 17.715 17.645 17.605 17.585 17.565 17.415 17.203 17.313 17.422 17.532 17.665 17.84 18.015 18.19 18.365 18.523 18.705 18.983 19.258 19.535 19.815 20.095 20.37
16.475 16.503 16.527 16.555 16.58 16.605 16.633 16.655 16.685 16.703 16.707 16.715 16.72 16.727 16.733 16.738 16.745 16.75 16.758 16.762 16.767 16.775 16.782 16.785 16.78 18.19 13.428 12.665 13.37 18.34 15.245 16.113 16.66 16.977 17.405 17.867 18.335 18.962 18.6 17.465 17.593 18.323 18.308 17.935 17.907 17.845 17.715 17.832 17.845 17.782 17.715 17.675 17.655 17.635 17.615 17.42 17.395 17.503 17.613 17.723 17.835 17.98 18.16 18.33 18.54 18.71 18.725 19.005 19.285 19.56 19.835 20.115 20.392
16.52 16.545 16.573 16.595 16.625 16.648 16.675 16.703 16.723 16.733 16.738 16.745 16.75 16.755 16.762 16.767 16.775 16.78 16.788 16.793 16.797 16.805 16.8 16.795 16.795 18.19 13.38 12.753 13.536 18.34 15.575 16.355 16.727 17.142 17.605 18.073 18.535 19.017 19.805 19.468 19.003 22.058 18.058 17.867 17.918 17.905 17.83 17.825 17.848 17.785 17.74 17.72 17.7 17.675 17.655 17.503 17.587 17.692 17.802 17.913 18.023 18.133 18.3 18.48 18.835 18.902 18.758 19.025 19.305 19.585 19.863 20.135 20.36
16.565 16.587 16.615 16.642 16.665 16.695 16.718 16.745 16.755 16.762 16.767 16.773 16.78 16.785 16.793 16.797 16.802 16.81 16.815 16.823 16.82 16.815 16.815 16.81 16.805 18.19 13.344 12.871 13.589 18.34 15.902 16.477 16.878 17.345 17.808 18.275 18.74 19.205 19.753 20.657 21.277 21.61 17.775 17.795 17.823 17.878 17.898 17.86 17.852 17.805 17.785 17.765 17.745 17.725 17.705 17.668 17.777 17.885 17.992 18.102 18.212 18.323 18.445 18.718 19.165 19.008 18.795 19.055 19.328 19.605 19.883 20.102 20.285
16.605 16.635 16.657 16.685 16.71 16.735 16.762 16.777 16.785 16.79 16.797 16.802 16.808 16.815 16.82 16.828 16.832 16.837 16.84 16.835 16.835 16.83 16.825 16.828 16.84 18.42 12.941 12.963 13.806 18.34 16.16 16.615 17.082 17.545 18.015 18.475 18.945 19.405 19.875 20.575 21.238 19.55 17.765 17.79 17.815 17.837 17.863 17.883 17.86 17.828 17.797 17.773 17.742 17.712 17.698 17.858 18.035 18.145 18.26 18.378 18.49 18.61 18.738 19.052 19.497 19.095 18.837 19.075 19.355 19.628 19.845 20.047 20.503
16.65 16.675 16.703 16.727 16.755 16.78 16.802 16.808 16.815 16.82 16.825 16.832 16.837 16.845 16.85 16.858 16.858 16.855 16.855 16.85 16.845 16.852 16.865 16.887 16.91 18.42 12.945 12.993 13.584 18.34 16.343 16.8 17.27 17.733 18.2 18.663 19.128 19.593 20.058 20.552 20.875 18.415 17.755 17.78 17.805 17.828 17.813 17.745 17.668 17.61 17.578 17.54 17.5 17.47 17.503 17.74 18.05 18.35 18.613 18.825 18.977 19.09 19.258 19.535 19.848 19.183 18.892 19.098 19.37 19.602 20.04 20.76 21.26
16.695 16.72 16.745 16.773 16.795 16.823 16.832 16.837 16.843 16.85 16.855 16.863 16.867 16.872 16.875 16.875 16.875 16.87 16.865 16.872 16.89 16.91 16.933 16.955 16.975 18.42 12.847 13.023 13.706 18.34 16.192 16.698 17.152 17.605 18.058 18.515 18.975 19.43 19.892 20.305 20.18 17.725 17.747 17.767 17.745 17.675 17.595 17.517 17.44 17.36 17.302 17.26 17.23 17.26 17.3 17.52 17.83 18.13 18.44 18.745 19.05 19.33 19.525 19.637 19.878 20.335 19.41 19.128 19.58 20.295 21.065 21.448 20.995
