data/DEM10m.asc
ncols    157
nrows    465
xllcorner    338966.945024
yllcorner    552755.000000
cellsize    10.000000
NODATA_value    -9999
[rows 165 to 197 of 465, columns 0 to 72 of 157]
24.4 24.457 24.51 24.56 24.605 24.593 24.38 24.01 23.637 23.267 22.9 22.532 22.13 21.68 21.23 20.775 20.365 20.047 19.84 19.652 19.44 19.16 18.843 18.215 17.358 16.587 16.03 15.705 15.357 15.01 14.66 14.41 14.27 14.135 14.005 13.97 13.94 13.915 13.898 13.895 13.9 13.92 13.94 13.96 13.98 14 14.02 14.037 14.055 14.045 13.97 13.935 13.957 13.985 13.99 13.887 13.873 13.67 13.245 13.723 13.85 13.91 13.973 14.053 14.13 14.14 14.377 14.748 15.117 15.482 15.838 16.108 16.36
24.413 24.457 24.495 24.532 24.56 24.477 24.355 24.16 23.775 23.392 23.012 22.642 22.26 21.828 21.39 21.04 20.85 20.703 20.552 20.317 20.045 19.77 19.48 19.035 18.192 17.28 16.385 15.887 15.535 15.185 14.84 14.58 14.443 14.305 14.168 14.04 14.005 14.02 14.04 14.06 14.075 14.095 14.115 14.133 14.15 14.17 14.19 14.21 14.203 14.135 14.117 14.145 14.172 14.205 14.15 14.095 14.063 13.988 13.56 13.623 13.795 13.88 13.98 14.053 14.06 14.06 14.188 14.557 14.922 15.277 15.543 15.797 16.052
24.383 24.42 24.46 24.5 24.465 24.358 24.198 24.113 23.927 23.565 23.17 22.777 22.39 22.012 21.758 21.61 21.47 21.325 21.133 20.863 20.552 20.168 19.71 19.26 18.595 17.683 16.775 16.142 15.732 15.363 15.015 14.75 14.613 14.477 14.342 14.235 14.2 14.19 14.21 14.23 14.25 14.27 14.29 14.31 14.33 14.35 14.37 14.355 14.303 14.305 14.332 14.36 14.39 14.408 14.32 14.303 14.235 14.158 14.037 13.445 13.81 13.905 13.973 13.98 13.98 13.985 14.04 14.363 14.715 14.98 15.235 15.492 15.76
24.345 24.39 24.427 24.435 24.337 24.235 24.047 23.973 23.875 23.7 23.345 22.97 22.637 22.375 22.253 22.177 22.078 21.933 21.605 21.183 20.735 20.282 19.83 19.383 18.898 18.087 17.185 16.42 16.005 15.592 15.197 14.92 14.79 14.662 14.54 14.47 14.44 14.405 14.393 14.41 14.43 14.45 14.47 14.49 14.51 14.53 14.515 14.475 14.492 14.52 14.55 14.578 14.605 14.585 14.525 14.48 14.405 14.29 14.143 13.658 13.822 13.895 13.902 13.905 13.91 13.91 13.912 14.15 14.428 14.697 14.975 15.255 15.535
24.267 24.35 24.385 24.32 24.215 24.108 23.902 23.837 23.705 23.683 23.585 23.3 23.047 22.808 22.695 22.615 22.415 22.067 21.77 21.392 20.95 20.503 20.058 19.61 19.165 18.492 17.598 16.753 16.28 15.877 15.477 15.125 14.982 14.86 14.755 14.71 14.68 14.645 14.61 14.592 14.605 14.625 14.645 14.66 14.68 14.672 14.655 14.68 14.707 14.738 14.765 14.793 14.822 14.758 14.723 14.652 14.543 14.398 14.25 14.045 13.602 13.87 13.875 13.885 13.89 13.898 13.92 14.065 14.297 14.555 14.838 15.125 15.408
24.18 24.293 24.297 24.195 24.09 23.985 23.795 23.66 23.66 23.617 23.608 23.555 23.4 23.24 23.02 22.675 22.288 21.905 21.573 21.36 21.11 20.747 20.3 19.858 19.41 18.84 18.015 17.163 16.625 16.233 15.773 15.383 15.21 15.063 14.988 14.95 14.92 14.885 14.85 14.82 14.79 14.8 14.82 14.84 14.835 14.84 14.867 14.895 14.922 14.95 14.98 15.008 15.012 14.96 14.898 14.795 14.65 14.498 14.335 14.17 13.572 13.935 13.94 13.953 13.97 13.99 14.023 14.215 14.415 14.62 14.822 15.057 15.315
24.035 24.067 23.988 23.81 23.733 23.715 23.688 23.55 23.53 23.468 23.413 23.365 23.313 23.14 22.885 22.517 22.135 21.747 21.367 21.1 20.895 20.695 20.453 20.1 19.655 19.137 18.448 17.705 17.003 16.582 15.992 15.65 15.473 15.35 15.273 15.223 15.18 15.137 15.098 15.06 15.025 14.995 15 15.008 15.027 15.055 15.082 15.11 15.14 15.168 15.195 15.225 15.195 15.143 15.043 14.902 14.75 14.58 14.415 14.25 13.895 13.752 14.02 14.05 14.07 14.057 14.162 14.365 14.565 14.768 14.97 15.172 15.375
23.733 23.76 23.692 23.485 23.288 23.22 23.492 23.418 23.36 23.315 23.267 23.215 23.03 22.76 22.538 22.335 21.977 21.595 21.207 20.852 20.635 20.435 20.225 20.025 19.795 19.407 18.767 18.105 17.43 16.83 16.21 15.912 15.793 15.755 15.645 15.572 15.515 15.465 15.42 15.375 15.325 15.28 15.225 15.22 15.242 15.27 15.3 15.328 15.355 15.383 15.41 15.43 15.383 15.295 15.152 14.995 14.828 14.66 14.505 14.345 14.175 13.64 14.12 14.15 14.16 14.12 14.31 14.515 14.715 14.918 15.12 15.32 15.525
23.427 23.453 23.39 23.203 23.15 23.145 23.332 23.265 23.215 23.172 23.113 22.92 22.65 22.38 22.13 21.96 21.77 21.442 21.055 20.67 20.375 20.172 19.965 19.765 19.555 19.305 19.198 18.575 18.003 17.332 16.442 16.23 16.2 16.163 16.038 15.947 15.877 15.81 15.758 15.713 15.665 15.605 15.525 15.482 15.48 15.492 15.515 15.543 15.57 15.6 15.627 15.625 15.547 15.408 15.24 15.078 14.915 14.755 14.605 14.445 14.275 13.675 14.22 14.25 14.178 14.26 14.46 14.662 14.865 15.065 15.27 15.47 15.672
23.12 23.145 23.11 23.093 23.08 23.045 23.183 23.12 23.075 23.01 22.815 22.543 22.27 22 21.738 21.552 21.383 21.203 20.902 20.515 20.148 19.91 19.705 19.505 19.295 18.895 18.973 19.098 18.668 18.51 17.16 16.635 16.62 16.573 16.435 16.325 16.253 16.183 16.11 16.05 15.992 15.915 15.832 15.765 15.76 15.76 15.755 15.762 15.787 15.815 15.842 15.797 15.65 15.488 15.33 15.175 15.015 14.86 14.705 14.545 14.373 14.1 13.78 14.32 14.217 14.408 14.61 14.81 15.015 15.213 15.373 15.523 15.678
22.845 22.865 22.948 23.003 22.98 22.945 23.052 22.975 22.913 22.705 22.435 22.165 21.895 21.625 21.352 21.142 20.977 20.808 20.635 20.36 19.975 19.652 19.445 19.245 19.01 18.517 18.223 18.965 19.605 20.1 18.615 17.168 17.03 16.975 16.835 16.705 16.628 16.555 16.485 16.438 16.335 16.215 16.135 16.058 16.035 16.03 16.03 16.03 16.03 16.035 16.038 15.905 15.745 15.585 15.435 15.275 15.115 14.965 14.813 14.662 14.475 14.293 13.675 14.287 14.355 14.555 14.748 14.898 15.023 15.168 15.34 15.525 15.685
22.62 22.718 22.78 22.835 22.872 22.845 22.887 22.813 22.595 22.325 22.055 21.785 21.515 21.245 20.975 20.738 20.567 20.398 20.23 20.063 19.81 19.44 19.185 18.985 18.685 18.142 17.628 18.125 19.225 20.933 20.102 18.137 17.457 17.385 17.238 17.095 17.003 16.935 16.883 16.87 16.848 16.625 16.448 16.355 16.31 16.31 16.31 16.308 16.29 16.253 16.317 16.27 16.128 15.98 15.838 15.693 15.547 15.402 15.258 14.947 14.57 14.4 13.697 14.29 14.428 14.54 14.658 14.815 15.012 15.21 15.348 15.525 15.762
22.49 22.55 22.605 22.66 22.71 22.74 22.712 22.49 22.218 21.948 21.675 21.405 21.135 20.865 20.595 20.34 20.16 19.992 19.823 19.652 19.488 19.262 18.938 18.723 18.317 17.765 17.212 17.195 18.102 20.203 21.027 19.582 18.212 17.785 17.645 17.505 17.387 17.335 17.297 17.31 17.34 17.175 16.938 16.715 16.595 16.582 16.55 16.495 16.43 16.385 16.585 16.782 16.672 16.53 16.383 16.24 16.093 15.95 15.732 14.967 14.648 14.49 14.143 14.03 14.303 14.482 14.685 14.885 15.033 15.17 15.387 15.623 15.813
22.33 22.38 22.438 22.49 22.545 22.58 22.392 22.11 21.84 21.57 21.3 21.027 20.758 20.485 20.215 19.948 19.753 19.582 19.415 19.247 19.078 18.91 18.712 18.435 17.942 17.385 16.825 16.675 17.255 19.04 20.95 20.935 19.608 18.317 18.137 17.995 17.837 17.747 17.723 17.758 17.793 17.725 17.485 17.25 16.962 16.8 16.705 16.613 16.545 16.573 16.825 17.087 17.21 17.075 16.93 16.785 16.64 16.462 15.795 14.975 14.723 14.57 14.405 13.643 14.357 14.555 14.725 14.832 15.015 15.255 15.492 15.682 15.74
22.195 22.25 22.305 22.36 22.395 22.29 22.087 21.775 21.473 21.19 20.92 20.65 20.38 20.11 19.837 19.567 19.343 19.177 19.008 18.837 18.67 18.503 18.332 18.095 17.532 16.968 16.608 16.93 17.723 19.692 21.122 21.18 20.775 19.21 18.628 18.477 18.325 18.175 18.16 18.2 18.24 18.24 18.035 17.733 17.352 17.16 17.04 16.92 16.808 16.835 17.065 17.325 17.59 17.62 17.477 17.33 17.188 16.648 15.735 14.977 14.797 14.613 14.375 13.908 14.42 14.52 14.645 14.877 15.115 15.352 15.547 15.615 15.658
22.065 22.12 22.175 22.215 22.115 21.957 21.777 21.48 21.168 20.855 20.552 20.27 20 19.73 19.46 19.19 18.94 18.767 18.6 18.433 18.262 18.095 17.942 17.735 17.165 16.705 16.905 17.823 19.47 20.9 21.34 21.145 20.95 20.685 19.247 18.76 18.61 18.668 18.465 18.552 18.625 18.685 18.512 18.128 17.745 17.52 17.4 17.28 17.26 17.29 17.3 17.565 17.828 18.067 18.023 17.878 17.473 16.585 15.672 15.023 14.842 14.602 14.348 13.93 14.3 14.505 14.745 14.985 15.217 15.412 15.49 15.53 15.533
21.935 21.99 22.03 21.94 21.785 21.628 21.462 21.185 20.872 20.56 20.247 19.935 19.633 19.35 19.08 18.81 18.547 18.36 18.192 18.023 17.863 17.71 17.563 17.468 17.602 17.613 17.635 18.77 20.253 21.16 21.31 21.157 21.015 21.135 20.863 19.32 19.05 19.33 18.705 18.735 18.815 18.878 18.832 18.525 18.145 17.88 17.76 17.657 17.797 17.883 17.625 17.797 18.065 18.332 18.532 18.285 17.438 16.525 15.607 15.072 14.848 14.62 14.405 14.3 14.39 14.605 14.845 15.08 15.28 15.36 15.39 15.41 15.533
21.802 21.85 21.765 21.61 21.453 21.295 21.14 20.887 20.575 20.265 19.953 19.64 19.325 19.015 18.712 18.43 18.16 17.953 17.782 17.628 17.462 17.275 17.07 17.098 17.49 17.892 18.25 18.93 19.825 20.75 21.277 21.233 21.113 21.295 21.53 20.968 19.817 20.003 19.105 18.915 18.997 19.005 18.977 18.895 18.543 18.25 18.13 18.133 18.343 18.457 18.17 18.047 18.297 18.565 18.793 18.755 18.28 16.962 15.957 15.557 15.37 14.79 14.613 14.58 14.585 14.715 14.943 15.145 15.235 15.262 15.37 15.527 15.572
21.668 21.59 21.435 21.277 21.122 20.965 20.81 20.593 20.28 19.968 19.655 19.345 19.032 18.718 18.405 18.095 17.793 17.545 17.385 17.262 17.125 17.01 16.95 17.047 17.407 17.785 18.168 18.578 19.332 20.18 20.813 21.207 21.23 21.407 21.54 21.657 21.045 20.675 19.665 19.1 19.163 19.122 19.09 19.082 18.93 18.615 18.517 18.677 18.892 19.032 18.77 18.465 18.535 18.723 18.782 18.828 18.695 17.08 16.777 16.445 16.42 16.747 14.88 14.87 14.828 14.807 15.01 15.107 15.21 15.387 15.475 15.502 15.525
21.415 21.26 21.105 20.948 20.79 20.635 20.477 20.288 19.985 19.672 19.36 19.047 18.735 18.422 18.11 17.797 17.552 17.455 17.517 17.485 17.422 17.36 17.3 17.245 17.615 18.003 18.348 18.698 19.038 19.62 20.28 20.76 21.2 21.35 21.485 21.62 21.745 21.402 20.297 19.33 19.293 19.235 19.2 19.198 19.185 18.995 19.012 19.227 19.44 19.602 19.37 19.052 18.802 18.723 18.75 18.79 18.695 17.665 17.48 17.29 17.045 16.49 15.178 15.145 14.835 14.39 15.045 15.232 15.365 15.405 15.432 15.455 15.482
21.135 20.93 20.773 20.615 20.46 20.305 20.148 19.977 19.688 19.375 19.065 18.753 18.44 18.125 17.855 17.685 17.558 17.465 17.573 17.71 17.758 17.71 17.648 17.585 17.648 18.212 18.598 18.945 19.265 19.563 19.878 20.413 20.913 21.098 21.253 21.405 21.61 21.755 21.12 20.125 19.47 19.352 19.313 19.31 19.31 19.367 19.555 19.767 19.983 20.172 19.985 19.695 19.442 19.21 18.973 18.837 18.698 18.32 18.128 17.915 17.7 16.51 15.443 15.375 15.3 14.585 15.242 15.307 15.335 15.357 15.385 15.41 15.435
21.035 20.775 20.508 20.29 20.13 19.975 19.817 19.66 19.392 19.08 18.767 18.455 18.165 17.965 17.837 17.712 17.585 17.473 17.563 17.705 17.848 17.973 17.995 17.935 17.872 18.188 18.815 19.195 19.503 19.74 19.93 20.168 20.622 20.832 21.038 21.343 21.695 21.665 21.27 21.345 21.148 20.145 19.475 19.558 19.683 19.848 20.063 20.28 20.49 20.555 20.508 20.352 20.093 19.825 19.558 19.275 18.975 18.705 18.455 18.21 17.965 16.125 15.7 15.62 15.525 15.352 15.248 15.265 15.287 15.315 15.338 15.365 15.387
20.925 20.698 20.425 20.145 19.872 19.652 19.485 19.33 19.095 18.785 18.48 18.255 18.117 17.992 17.865 17.738 17.613 17.485 17.555 17.695 17.837 17.98 18.122 18.23 18.223 18.223 18.793 19.402 19.67 19.837 20.003 20.185 20.48 20.808 21.128 21.477 21.805 21.608 21.6 21.745 22.04 21.57 19.9 20.025 20.152 20.352 20.57 20.782 20.855 20.82 20.753 20.6 20.41 20.12 19.82 19.52 19.22 18.93 18.677 18.435 18.185 16.07 15.99 15.845 15.627 15.398 15.235 15.235 15.248 15.268 15.295 15.318 15.345
20.815 20.595 20.36 20.085 19.805 19.525 19.242 19.012 18.8 18.547 18.398 18.273 18.145 18.017 17.892 17.765 17.637 17.512 17.545 17.685 17.83 17.97 18.115 18.255 18.398 18.48 18.715 19.168 19.348 19.582 19.87 20.227 20.815 21.418 21.703 21.79 21.91 21.93 21.988 22.135 22.363 21.795 20.365 20.49 20.645 20.86 21.075 21.155 21.122 21.01 20.808 20.645 20.582 20.348 20.065 19.765 19.465 19.17 18.9 18.655 17.813 16.33 16.137 15.908 15.678 15.447 15.248 15.217 15.225 15.232 15.248 15.275 15.297
20.705 20.485 20.26 20.02 19.735 19.455 19.175 18.895 18.668 18.55 18.425 18.297 18.172 18.045 17.918 17.793 17.665 17.538 17.535 17.675 17.82 17.96 18.105 18.245 18.39 18.53 18.71 19.005 19.32 19.64 19.99 20.582 21.21 21.837 22.462 22.698 22.532 22.365 22.372 22.517 22.505 22.012 20.835 20.957 21.15 21.367 21.457 21.407 21.255 21.047 20.837 20.68 20.685 20.525 20.277 20.012 19.715 19.415 19.128 18.875 17.675 16.433 16.188 15.957 15.727 15.498 15.273 15.203 15.21 15.215 15.225 15.232 15.252
20.595 20.372 20.15 19.927 19.675 19.395 19.115 18.835 18.66 18.547 18.438 18.325 18.198 18.073 17.948 17.82 17.692 17.567 17.525 17.668 17.81 17.953 18.095 18.235 18.387 18.565 18.78 19.085 19.4 19.76 20.348 20.977 21.598 22.142 22.6 22.938 22.933 22.883 22.79 22.755 22.61 22.235 21.297 21.445 21.657 21.755 21.683 21.492 21.288 21.078 20.87 20.72 20.733 20.685 20.455 20.207 19.95 19.665 19.365 19.098 17.398 16.64 16.29 16.01 15.777 15.547 15.318 15.185 15.195 15.2 15.205 15.215 15.22
20.485 20.262 20.04 19.817 19.593 19.33 19.047 18.79 18.652 18.538 18.43 18.323 18.218 18.1 17.975 17.848 17.723 17.595 17.525 17.657 17.8 17.942 18.085 18.247 18.438 18.633 18.852 19.163 19.525 20.115 20.735 21.275 21.73 22.165 22.605 22.995 23.065 23.023 22.975 22.863 22.72 22.457 21.765 21.948 22.052 21.938 21.733 21.525 21.317 21.108 20.9 20.765 20.775 20.782 20.628 20.383 20.135 19.883 19.602 19.323 17.32 17.075 16.615 16.195 15.85 15.598 15.367 15.188 15.175 15.185 15.19 15.195 15.205
20.375 20.152 19.93 19.707 19.485 19.258 18.985 18.77 18.65 18.53 18.42 18.313 18.207 18.1 17.99 17.875 17.747 17.622 17.532 17.65 17.79 17.94 18.115 18.308 18.503 18.695 18.93 19.29 19.87 20.4 20.85 21.29 21.73 22.17 22.61 23 23.198 23.155 23.102 22.973 22.825 22.665 22.245 22.335 22.18 21.973 21.762 21.558 21.348 21.14 20.933 20.808 20.817 20.83 20.788 20.555 20.313 20.065 19.815 19.063 17.628 17.527 17.09 16.635 16.177 15.75 15.425 15.2 15.16 15.165 15.175 15.182 15.188
20.265 20.04 19.82 19.595 19.375 19.15 18.922 18.76 18.64 18.52 18.407 18.302 18.195 18.087 17.983 17.875 17.767 17.648 17.543 17.64 17.8 17.988 18.183 18.375 18.567 18.762 19.043 19.53 19.975 20.41 20.85 21.29 21.73 22.17 22.61 23 23.28 23.293 23.223 23.08 22.935 22.79 22.6 22.42 22.212 22.003 21.795 21.587 21.378 21.17 20.962 20.85 20.863 20.872 20.883 20.727 20.485 20.238 19.995 18.875 17.933 17.922 17.563 17.105 16.65 16.195 15.738 15.305 15.145 15.152 15.158 15.165 15.172
20.155 19.93 19.71 19.495 19.275 19.058 18.867 18.758 18.635 18.515 18.398 18.29 18.183 18.078 17.973 17.865 17.758 17.652 17.565 17.688 17.887 18.09 18.29 18.495 18.703 18.94 19.258 19.6 19.992 20.42 20.86 21.295 21.735 22.17 22.61 23.003 23.317 23.425 23.337 23.19 23.04 22.865 22.655 22.45 22.242 22.032 21.828 21.617 21.41 21.203 20.992 20.895 20.905 20.915 20.927 20.89 20.657 20.413 20.188 18.695 18.238 18.247 18.035 17.54 17.027 16.495 15.925 15.43 15.19 15.18 15.178 15.175 15.175
20.065 19.848 19.635 19.415 19.203 18.985 18.83 18.73 18.628 18.51 18.39 18.28 18.172 18.067 17.96 17.852 17.765 17.75 17.795 17.89 18.095 18.3 18.505 18.712 18.94 19.358 19.657 19.913 20.24 20.585 20.94 21.328 21.74 22.18 22.62 23.008 23.32 23.55 23.445 23.277 23.095 22.905 22.718 22.445 22.25 22.067 21.858 21.648 21.442 21.233 21.023 20.935 20.948 20.96 20.97 20.983 20.832 20.598 20.427 18.535 18.545 18.547 18.337 17.608 17.02 16.45 15.912 15.575 15.29 15.23 15.225 15.225 15.225
19.992 19.775 19.558 19.345 19.125 18.922 18.802 18.7 18.6 18.5 18.38 18.27 18.163 18.058 17.968 17.953 17.997 18.045 18.093 18.142 18.308 18.515 18.723 18.94 19.337 19.795 20.063 20.313 20.57 20.898 21.242 21.587 21.933 22.277 22.663 23.03 23.365 23.628 23.505 23.32 23.135 22.945 22.76 22.547 22.225 22.03 21.88 21.68 21.473 21.262 21.058 20.98 20.99 21.003 21.015 21.025 20.992 20.83 20.247 18.835 18.835 18.843 18.755 17.938 17.075 16.422 16.043 15.735 15.435 15.277 15.275 15.275 15.275
19.915 19.703 19.485 19.267 19.055 18.875 18.775 18.675 18.57 18.47 18.37 18.26 18.17 18.155 18.2 18.245 18.295 18.34 18.385 18.435 18.527 18.733 18.94 19.302 19.8 20.223 20.473 20.72 20.968 21.227 21.555 21.9 22.245 22.59 22.935 23.29 23.552 23.648 23.565 23.363 23.175 22.985 22.8 22.615 22.348 22.005 21.79 21.677 21.503 21.293 21.087 21.025 21.035 21.045 20.955 20.858 21.003 20.93 20.63 19.488 19.762 19.953 19.977 19.22 18.195 16.747 16.198 15.902 15.595 15.348 15.325 15.325 15.322
