data/DEM10m.asc
ncols    157
nrows    465
xllcorner    338966.945024
yllcorner    552755.000000
cellsize    10.000000
NODATA_value    -9999
[rows 66 to 98 of 465, columns 73 to 145 of 157]
12.703 12.553 12.402 12.275 12.232 12.232 12.25 12.268 12.28 12.303 12.307 12.36 12.815 12.953 13.303 14.485 17.29 20.965 24.038 26.137 27.485 27.207 26.867 26.613 26.343 25.695 24.948 24.59 24.175 24.185 24.2 24.328 25.16 26.133 27.285 27.9 27.645 26.635 24.58 20.305 15.713 13.035 11.697 11.82 11.97 12.09 12.205 12.315 12.432 12.527 12.61 12.662 12.447 11.125 9.645 8.4725 8.3688 8.4032 8.3901 8.4044 8.5225 10 11.315 12.107 12.813 12.825 12.8 12.77 12.742 12.715 12.69 12.66 12.63
13.278 13.152 12.938 12.685 12.398 12.33 12.32 12.303 12.273 12.238 12.25 12.215 12.105 12.137 12.39 12.893 14.098 17.205 20.023 22.663 24.97 26.273 26.735 26.727 26.573 25.902 24.765 24.032 23.61 23.578 23.48 23.367 24.275 26.552 27.668 27.637 27.44 25.64 22.337 17.44 13.51 11.938 11.815 11.89 12.03 12.15 12.265 12.37 12.46 12.54 12.607 12.637 11.95 10.661 9.2272 8.4031 8.41 8.41 8.41 8.41 9.2514 10.735 11.81 12.705 12.835 12.81 12.78 12.75 12.725 12.695 12.67 12.64 12.613
13.065 13.34 13.057 12.768 12.525 12.47 12.42 12.37 12.32 12.27 12.225 12.125 12.068 12.075 12.09 12.158 12.525 14 16.86 19.293 21.727 23.115 25.073 26.578 26.453 25.738 24.573 23.593 23.005 22.815 22.61 22.61 23.205 25.348 27.102 27.242 26.223 23.492 19.282 14.725 12.268 11.813 11.922 12.002 12.092 12.207 12.305 12.385 12.467 12.547 12.58 12.325 10.9 9.2475 8.41 8.41 8.41 8.41 8.41 8.6219 10.076 11.32 12.172 12.783 12.793 12.768 12.742 12.715 12.69 12.662 12.637 12.613 12.588
12.19 13.79 12.91 12.637 12.525 12.502 12.46 12.41 12.36 12.27 12.16 12.107 12.12 12.133 12.15 12.16 12.178 12.47 13.973 16.108 18.277 20.12 21.725 23.837 24.462 24.63 23.62 22.705 22.185 21.955 21.68 20.34 21.117 22.75 24.247 24.275 23.025 20.415 16.535 13.178 11.748 11.803 11.955 12.065 12.178 12.238 12.315 12.395 12.477 12.525 12.355 11.553 9.7576 8.525 8.41 8.41 8.41 8.41 8.41 9.2131 10.786 11.602 12.24 12.735 12.742 12.717 12.69 12.665 12.64 12.613 12.588 12.563 12.535
11.372 13.822 12.752 12.56 12.525 12.505 12.485 12.447 12.373 12.217 12.15 12.162 12.178 12.188 12.203 12.215 12.223 12.155 12.477 13.805 15.38 17.72 19.177 20.582 20.965 21.973 21.915 21.965 21.445 21.105 20.805 19.712 19.23 19.918 20.81 20.782 19.27 17.44 14.268 12.045 11.73 11.863 11.963 12.098 12.275 12.318 12.36 12.412 12.463 12.3 11.943 10.5 8.86 8.41 8.41 8.41 8.41 8.41 8.6797 9.9154 11.287 11.852 12.203 12.69 12.69 12.665 12.64 12.613 12.588 12.563 12.537 12.51 12.485
10.615 12.422 13.827 12.555 12.535 12.515 12.508 12.482 12.443 12.332 12.207 12.213 12.227 12.24 12.252 12.265 12.262 12.185 12.1 12.453 14.185 15.623 16.59 18.508 19.08 19.663 19.93 20.332 20.675 20.477 20.135 19.52 18.477 17.845 17.735 17.955 16.81 15.255 12.57 11.73 11.75 11.795 11.84 11.96 12.15 12.26 12.32 12.373 11.985 11.451 10.931 9.1885 8.3766 8.41 8.41 8.41 8.41 8.43 9.3855 10.863 11.72 12.035 12.165 12.645 12.64 12.615 12.588 12.563 12.537 12.512 12.485 12.46 12.425
10.164 11.611 13.832 12.61 12.617 12.617 12.495 12.595 12.63 12.51 12.313 12.265 12.277 12.29 12.303 12.318 12.297 12.213 12.127 12.06 12.703 13.807 14.998 16.402 17.005 17.578 17.985 18.398 18.975 19.875 19.738 18.87 17.155 16.815 16.535 16.26 15.77 14.117 11.832 11.595 11.59 11.635 11.695 11.84 12 12.16 12.23 12.06 11.123 10.7 9.5863 8.3939 8.1963 8.41 8.41 8.41 8.41 8.6524 9.804 11.293 12.107 12.145 12.17 12.6 12.59 12.563 12.537 12.512 12.488 12.46 12.428 12.395 12.355
9.7022 10.52 12.331 13.836 12.707 12.502 12.565 12.735 12.81 12.682 12.465 12.32 12.328 12.342 12.352 12.367 12.325 12.242 12.155 12.11 12.193 12.65 13.875 15.09 15.68 16.15 16.485 16.7 17.332 19.253 19.453 19.378 17.35 16.32 15.945 15.71 14.713 12.515 11.54 11.46 11.428 11.47 11.56 11.72 11.877 12.035 11.724 10.531 9.8143 8.8623 8.413 8.1402 7.8664 7.875 8.2248 8.41 8.4175 9.23 10.405 11.723 12.357 12.255 12.205 12.56 12.537 12.512 12.488 12.46 12.432 12.398 12.36 12.325 12.287
9.21 10.185 11.601 13.841 12.498 12.535 12.705 12.87 12.982 12.85 12.63 12.42 12.377 12.393 12.405 12.418 12.355 12.27 12.205 12.19 12.205 12.443 13.015 14.217 14.655 15.055 15.418 15.705 17.043 18.77 19.313 19.168 18.297 13.76 13.633 13.32 12.275 11.643 11.43 11.33 11.277 11.313 11.44 11.6 11.732 11.695 10.936 9.9247 8.8886 8.4682 8.139 7.6824 7.3982 7.5239 7.9478 8.3727 8.7839 9.87 11.035 12.197 12.482 12.365 12.255 12.512 12.488 12.463 12.435 12.402 12.365 12.33 12.293 12.255 12.223
8.6013 9.4611 10.665 13.795 13.846 12.675 12.84 13.005 13.145 13.015 12.795 12.575 12.432 12.443 12.455 12.455 12.383 12.305 12.28 12.273 12.265 12.412 12.707 14.057 14.727 15.105 15.38 15.535 16.808 18.195 18.992 18.927 18.805 15.617 12.568 12.25 11.91 11.627 11.33 11.205 11.127 11.17 11.32 11.325 11.145 10.701 10.043 8.9766 8.4262 7.891 7.3023 7.0005 7.065 7.2826 7.8499 8.7306 10.04 11.137 12.12 12.49 12.508 12.465 12.36 12.463 12.438 12.408 12.37 12.335 12.295 12.26 12.223 12.185 12.185
7.8882 8.8101 9.958 11.522 12.637 13.85 12.973 13.143 13.3 13.175 12.955 12.735 12.527 12.492 12.508 12.492 12.412 12.37 12.36 12.357 12.36 12.508 12.865 13.832 14.87 15.31 15.43 15.52 16.392 17.165 17.913 18.707 18.585 18.207 12.545 12.248 11.908 11.635 11.29 11.065 10.982 10.943 10.79 10.578 10.36 10.115 9.3747 8.6841 8.0306 7.1327 6.8187 6.8153 7.0593 7.4991 8.3809 10.193 11.293 12.148 12.335 12.355 12.38 12.4 12.408 12.41 12.375 12.338 12.3 12.265 12.227 12.19 12.152 12.135 12.155
6.8924 8.2984 9.0468 10.167 11.624 13.855 13.088 13.252 13.303 13.29 13.12 12.902 12.68 12.545 12.557 12.525 12.463 12.45 12.447 12.457 12.467 12.563 12.967 13.705 14.98 15.315 15.303 15.252 15.11 15.578 16.225 18.015 16.762 13.098 12.21 12.14 11.908 11.635 11.295 10.928 10.658 10.307 10.026 9.7334 9.1999 8.9398 8.6227 8.1717 7.0964 6.4483 6.5729 6.8574 7.6165 8.5836 9.8675 11.393 12.08 12.18 12.213 12.295 12.38 12.518 12.668 12.5 12.305 12.27 12.23 12.195 12.158 12.12 12.092 12.105 12.123
6.2033 7.4977 8.2983 8.9625 10.426 11.975 13.86 13.864 13.238 13.307 13.178 13.037 12.845 12.64 12.607 12.563 12.54 12.543 12.553 12.563 12.572 12.66 12.96 13.852 15.035 15.182 15.152 15.125 14.717 14.515 14.457 14.127 12.697 12.255 11.887 11.463 11.19 10.523 10.346 9.9645 9.5644 9.341 8.9628 8.5977 8.5219 8.5567 8.1072 7.2193 6.4426 6.3113 6.6769 7.4196 8.6507 10.499 11.48 12.095 12.227 12.373 12.523 12.672 12.822 12.97 13.117 12.777 12.283 12.2 12.162 12.125 12.088 12.055 12.055 12.075 12.09
5.9501 6.2634 7.4595 8.211 8.7525 10.201 11.953 13.869 13.799 13.325 13.193 13.063 12.932 12.775 12.65 12.633 12.64 12.65 12.66 12.668 12.678 12.76 13.008 13.955 14.92 15.033 15.008 14.98 14.813 13.92 13.355 12.6 12.52 11.875 10.484 16.601 8.3928 8.2331 8.1724 8.0946 7.9858 7.9474 8.1492 8.292 8.0013 7.4052 6.6666 6.3451 6.2321 6.4748 7.6813 9.4943 11.132 11.845 12.145 12.425 12.668 12.828 12.977 13.123 13.273 13.422 13.52 13.133 12.39 12.16 12.092 12.055 12.02 12.008 12.025 12.043 12.06
6.2662 5.8363 6.6521 7.7912 7.925 8.6625 10.595 12.429 13.19 13.874 13.21 13.08 12.93 12.807 12.72 12.745 12.75 12.755 12.765 12.775 12.785 12.855 12.992 13.495 14.512 14.838 14.835 14.822 14.803 14.082 13.095 12.519 11.516 10.033 14.502 14.24 7.6887 7.556 7.6471 7.9092 8.1533 8.2587 8.0045 7.6923 7.4267 6.8991 6.1779 6.295 6.6546 7.5338 9.5669 11.497 11.91 12.175 12.435 12.705 12.995 13.262 13.428 13.578 13.727 13.873 13.9 13.445 12.668 12.21 12.04 11.985 11.965 11.975 11.995 12.01 12.027
7.2992 6.1686 5.9523 6.5612 7.4754 7.715 8.7025 9.9044 11.95 13.152 13.878 12.99 12.932 12.725 12.838 12.88 12.885 12.885 12.895 12.895 12.898 12.992 13.023 13.2 14.068 14.55 14.635 14.563 14.09 13.504 11.927 10.445 15.027 14.765 7.7883 7.7537 8.2467 8.2246 8.0435 7.8832 7.7745 7.7164 7.6032 7.4777 7.3782 7.2494 6.9144 7.289 9.0134 11.04 12.497 12.64 12.425 12.455 12.715 12.985 13.28 13.57 13.845 14.027 14.178 14.328 14.25 13.755 13.075 12.285 12.08 11.93 11.93 11.945 11.963 11.98 11.995
8.2276 6.8771 6.0021 5.9938 6.8141 7.465 7.6856 8.2075 10.049 11.537 12.405 13.883 13.887 12.66 12.975 13.02 13.025 13.025 13.03 13.02 13.09 13.605 13.273 13.158 13.625 14.15 13.838 13.045 12.24 11.447 16.863 15.289 7.6836 7.7408 7.9413 8.3608 8.1029 7.9271 7.9849 7.9642 7.8905 7.7933 7.6966 7.6105 7.583 7.71 8.3695 9.7883 11.602 12.787 13.765 13.705 13.485 13.205 13.06 13.27 13.56 13.852 14.145 14.428 14.63 14.777 14.56 14.065 13.463 12.492 12.117 11.935 11.925 11.943 11.955 11.973 11.988
9.855 9.5233 7.1822 5.9674 5.9918 6.665 7.1764 7.5633 8.1425 9.4925 10.688 11.89 12.565 13.804 13.115 13.155 13.16 13.15 13.137 13.123 13.545 14.17 13.912 13.557 13.412 13.127 11.902 10.37 17.125 15.552 7.5613 7.5673 7.7923 8.1155 8.0725 7.7876 7.6664 8.0539 8.0301 8.1519 8.0838 7.9912 7.9748 8.1806 8.9604 10.371 11.536 13.554 14.771 14.93 14.75 14.65 14.515 14.318 13.988 13.65 13.855 14.145 14.432 14.717 15.008 15.213 14.902 14.543 13.975 12.697 12.105 11.945 11.935 11.945 11.963 11.975 11.995
11.415 11.571 9.1402 6.7644 5.8554 6.187 6.8093 7.2152 7.7002 8.4125 9.4575 10.563 11.625 12.42 13.892 13.897 13.901 13.25 13.24 13.322 13.905 14.185 13.842 13.377 12.385 11.137 16.076 15.814 7.5748 7.4567 7.5642 7.7428 7.8651 7.774 7.4729 6.6828 7.2703 8.13 8.0629 8.1907 8.1671 8.2621 8.9531 10.172 11.407 12.555 16.26 16.26 16.26 16.26 16.26 16.26 16.26 16.26 14.832 14.398 14.205 14.477 14.765 15.045 15.32 15.425 15.285 15.05 14.215 12.83 12.092 11.965 11.955 11.955 11.965 11.985 11.998
12.107 12.14 11.717 9.9875 7.6266 5.9808 5.9835 6.5336 7.019 7.4775 8.1811 9.17 9.8952 10.034 10.341 11.629 12.464 13.906 13.809 13.911 13.915 13.813 13.92 13.818 16.338 17.388 7.5289 7.3688 7.4422 7.5063 7.5306 7.5194 7.3704 7.2724 7.3055 7.4792 7.4593 7.9586 8.3144 8.8689 9.9338 11.029 12 13.242 14.485 16.26 15.568 16.26 16.26 15.662 15.615 15.568 15.502 16.26 15.305 15.137 14.803 14.815 15.1 15.357 15.4 15.33 15.26 15.123 14.365 12.963 12.078 11.985 11.98 11.97 11.973 11.988 12.005
12.07 12.1 12.119 11.363 9.5875 7.4618 5.9411 5.8835 6.4453 6.9454 7.4073 7.9062 8.495 9.1525 9.6703 9.8933 10.245 10.648 11.049 11.488 10.902 9.565 8.5175 8.035 7.7466 7.6339 7.478 7.3882 7.292 7.3281 7.374 7.3293 7.2525 7.185 7.3337 7.7627 8.0357 8.5434 9.7666 10.922 11.755 12.971 14.177 14.672 15.185 16.26 16.26 15.807 15.762 15.715 15.668 15.615 15.475 16.26 16.26 15.44 15.38 15.235 15.385 15.373 15.303 15.238 15.175 15.11 14.463 13.092 12.07 12.005 12 11.995 11.985 11.995 12.008
12.03 12.063 12.095 12.082 10.953 9.2675 7.9728 6.2583 5.7129 5.9527 6.442 6.8596 7.4316 7.8449 8.1025 8.28 8.4225 8.36 8.3025 8.0844 7.722 7.6113 7.4947 7.3826 7.3383 7.3279 7.3364 7.2684 7.3302 7.3504 7.1597 7.0196 7.2134 7.9137 8.831 9.2518 9.7162 10.93 15.505 15.55 15.5 14.998 15.365 16.26 16.26 15.518 15.9 15.857 15.813 15.768 15.705 15.525 15.377 15.383 15.387 16.26 15.402 15.408 15.412 15.365 15.31 15.255 15.195 15.11 14.063 13.098 12.1 12.027 12.02 12.015 12.005 12.002 12.015
12.02 12.033 12.055 12.088 11.965 10.545 9.39 8.3442 6.4222 5.6321 5.7382 6.0482 6.401 6.9318 7.4634 7.7021 7.7389 7.7494 7.7025 7.3558 7.2303 7.2182 7.2167 7.1959 7.1532 7.1026 7.1643 7.3496 7.2122 6.9381 6.9376 7.4991 8.7745 9.6922 10.246 10.529 11.088 14.54 16.719 17.705 17.32 16.622 16.26 15.825 15.578 15.775 15.957 15.912 15.865 15.785 15.585 15.373 15.32 15.325 16.26 15.338 15.342 15.352 15.383 15.4 15.355 15.297 15.245 14.955 13.655 12.842 12.265 12.08 12.068 12.05 12.033 12.02 12.023
14.321 14.315 14.309 12.063 12.082 11.73 10.6 9.7025 8.815 7.7648 6.011 5.2169 5.116 5.542 6.0067 6.3453 6.6267 6.7896 6.8816 6.9397 6.8286 6.7781 6.7603 6.7459 6.7357 6.722 6.7331 6.9135 7.2194 8.1781 9.7345 10.379 10.581 10.73 11.072 12.145 14.588 13.555 16.337 17.365 17.163 16.863 16.26 16.26 15.748 15.97 16.012 15.965 15.855 15.648 15.432 15.268 15.265 15.273 15.275 16.26 15.275 15.303 15.332 15.363 15.383 15.345 15.285 14.665 14.015 13.805 13.488 12.818 12.315 12.26 12.24 12.217 12.137
12.057 12.065 12.075 14.303 14.5 12.095 11.74 10.887 10.018 9.1425 8.0047 5.958 4.9631 5.0858 5.3607 5.6487 5.9369 6.1297 6.3229 6.5804 6.4457 6.4231 6.4663 6.5299 6.6137 6.738 7.0749 7.8963 9.34 10.409 10.828 11.063 11.063 12.088 14.685 14.637 14.005 14 14.38 17.025 16.823 16.615 16.03 16.17 16.26 16.26 16.26 16.26 16.26 16.26 16.26 16.26 16.26 16.26 16.26 16.26 15.227 15.255 15.283 15.313 15.342 15.367 15.307 14.9 15.047 14.76 14.957 14.365 13.525 12.685 12.49 12.453 12.283
12.075 12.085 12.092 12.1 12.105 14.298 14.292 11.765 10.905 10.045 9.185 8.375 8.1 7.2481 6.2201 5.6201 5.6359 5.7586 6.0506 6.6194 6.6099 6.7294 6.9289 7.475 7.9275 8.445 8.9425 9.46 10.635 11.598 12.102 12.627 14.781 14.733 13.63 13.973 14.14 14.273 14.405 15.515 16.48 16.297 16.203 16.242 16.14 16.152 15.995 15.775 15.555 15.338 15.16 15.145 15.155 15.152 15.127 16.26 16.26 16.26 16.26 16.26 17.11 15.328 15.277 17.11 15.185 15.037 15.635 15.63 14.835 14.057 12.967 12.65 12.44
12.095 12.105 12.11 12.115 12.125 12.16 12.245 14.286 14.28 10.875 10.015 9.155 8.7825 8.6275 8.4 7.9199 7.4105 7.2159 7.2171 7.8896 7.7901 8.4064 9.416 9.603 9.4425 9.9575 10.488 11 11.637 12.938 13.81 14.83 12.508 11.002 11.932 13.08 13.643 13.87 14.098 14.44 16.152 16.14 16.058 16.115 16.21 16.055 15.835 15.617 15.402 15.185 15.085 15.092 15.095 15.065 15.072 15.1 15.127 15.158 15.188 15.217 15.248 17.11 17.11 14.508 16.51 16.51 16.51 16.51 16.51 15.047 13.963 13.125 12.598
12.115 12.125 12.13 12.135 12.148 12.215 12.303 12.387 12.39 14.275 14.269 9.985 9.465 9.305 9.065 8.7675 8.7175 8.8475 9.445 10.345 11.252 11.845 11.876 11.225 10.94 11.46 11.99 12.523 13.05 13.697 14.878 13.14 11.258 10.8 10.965 11.467 12.35 13.12 13.402 13.745 15.69 16.032 15.9 15.83 15.943 15.898 15.682 15.465 15.245 15.053 15.027 15.035 15.005 14.992 15.023 15.053 15.082 15.107 15.137 15.168 15.197 15.227 14.32 13.565 13.865 13.505 13.41 13.658 16.51 14.45 14.62 14.178 13.568
12.135 12.145 12.15 12.155 12.185 12.268 12.355 12.443 12.527 12.45 11.675 14.263 14.257 14.252 9.7175 9.52 9.58 10.072 10.965 11.86 12.341 12.71 12.932 12.738 12.435 12.965 13.463 13.715 14.974 14.926 12.523 11.385 10.957 10.895 10.902 11.23 11.627 12.057 12.637 13.58 15.547 15.89 15.715 15.54 15.588 15.727 15.525 15.307 15.09 14.967 14.975 14.945 14.92 14.945 14.973 15.002 15.033 15.063 15.088 15.117 15.148 15.047 13.818 13.162 13.195 13.053 13.193 13.265 13.338 16.51 14.693 15.002 14.635
12.155 12.165 12.17 12.175 12.235 12.322 12.408 12.495 12.582 12.668 12.463 11.645 10.895 10.668 14.246 14.24 10.72 11.585 12.39 12.77 12.99 13.215 13.44 13.655 13.655 13.68 15.071 15.023 13.28 13.143 12.348 11.297 11.02 10.995 10.965 11.098 11.495 11.895 12.342 13.535 15.285 15.58 15.425 15.275 15.248 15.482 15.373 15.155 14.947 14.912 14.89 14.845 14.867 14.898 14.925 14.953 14.982 15.012 15.043 15.068 15.098 14.815 13.685 13.17 12.768 12.723 12.773 12.825 12.885 13.168 16.51 14.41 15.235
12.175 12.18 12.188 12.21 12.287 12.375 12.463 12.547 12.635 12.723 12.81 12.473 11.65 11.342 11.12 11.357 15.65 15.457 15.409 13.273 13.49 13.65 13.77 13.855 13.883 15.167 15.119 12.905 12.773 12.637 12.297 11.313 11.12 11.09 11.063 11.06 11.365 11.783 12.467 13.5 15.14 15.3 15.175 15.065 15 15.168 15.215 14.995 14.852 14.835 14.777 14.787 14.818 14.848 14.877 14.905 14.932 14.963 14.992 15.01 14.857 14.527 13.863 13.25 12.785 12.71 12.645 12.58 12.553 12.61 12.758 16.51 14.695
12.195 12.2 12.205 12.255 12.342 12.428 12.515 12.602 12.69 12.777 12.865 12.935 12.445 12.012 12.03 12.725 13.11 13.318 13.48 15.36 13.68 13.765 13.85 15.216 15.553 13.915 13.615 12.915 12.393 12.127 11.992 11.325 11.145 11.155 11.143 11.133 11.24 11.85 12.655 13.545 14.89 14.982 14.947 14.9 14.912 14.935 15 14.852 14.78 14.717 14.713 14.742 14.768 14.797 14.828 14.857 14.883 14.915 14.848 14.563 14.22 13.982 13.953 13.47 12.938 12.85 12.79 12.727 12.66 12.645 12.75 16.51 16.51
12.215 12.22 12.235 12.307 12.395 12.482 12.57 12.658 12.745 12.832 12.918 13.005 13.033 12.787 13.115 13.307 13.42 13.5 13.59 13.67 15.312 15.602 15.264 14.045 14.015 13.885 13.98 13.665 12.963 12.26 11.68 11.25 11.125 11.155 11.193 11.248 11.377 11.873 15.52 15.52 14.738 14.685 14.6 14.265 14.805 14.818 14.787 14.73 14.658 14.633 14.662 14.693 14.72 14.748 14.775 14.813 14.803 14.6 14.258 14.023 13.992 14.08 14.16 14.185 13.57 13.135 12.963 12.87 12.807 12.908 13.313 13.89 14.905
